1 0.293436 0.654639 0.138996 0.195876
1 0.459459 0.667526 0.146718 0.180412
1 0.604247 0.682990 0.127413 0.190722
1 0.795367 0.690722 0.162162 0.185567
1 0.814672 0.525773 0.138996 0.134021
1 0.635135 0.520619 0.119691 0.113402
1 0.494208 0.502577 0.100386 0.128866
1 0.760618 0.376289 0.092664 0.164948
1 0.619691 0.371134 0.088803 0.164948
1 0.474903 0.358247 0.092664 0.149485
1 0.401544 0.515464 0.077220 0.082474
1 0.073359 0.654639 0.138996 0.195876
1 0.916988 0.682990 0.166023 0.149485
1 0.150579 0.502577 0.208494 0.149485
