1 0.497778 0.131111 0.524444 0.155556
1 0.531111 0.213333 0.644444 0.115556
1 0.520000 0.302222 0.631111 0.053333
1 0.522222 0.355556 0.573333 0.035556
1 0.524444 0.415556 0.604444 0.075556
1 0.515556 0.475556 0.631111 0.053333
1 0.508889 0.522222 0.635556 0.048889
1 0.500000 0.557778 0.546667 0.022222
1 0.506667 0.604444 0.560000 0.053333
1 0.511111 0.655556 0.542222 0.048889
1 0.513333 0.700000 0.644444 0.066667
1 0.517778 0.764444 0.715556 0.062222
1 0.460000 0.806667 0.626667 0.048889
1 0.464444 0.837778 0.724444 0.075556
1 0.504444 0.913333 0.902222 0.075556
