1 0.105000 0.328889 0.173333 0.251852
1 0.279167 0.330370 0.171667 0.272593
1 0.404583 0.631111 0.237500 0.358519
1 0.582917 0.591111 0.250833 0.388148
1 0.875833 0.623704 0.231667 0.322963
1 0.707083 0.599259 0.214167 0.437037
1 0.518750 0.135556 0.129167 0.262222
1 0.652083 0.153333 0.112500 0.297778
1 0.377500 0.114815 0.140000 0.226667
1 0.213333 0.113333 0.165000 0.220741
1 0.189167 0.615556 0.180000 0.312593
1 0.899167 0.863704 0.201667 0.245926
1 0.575833 0.888889 0.213333 0.222222
1 0.385417 0.904444 0.232500 0.191111
1 0.134583 0.823704 0.267500 0.352593
