1 0.601538 0.280335 0.247692 0.288703
1 0.422308 0.491109 0.283077 0.304393
1 0.186538 0.472803 0.199231 0.305439
1 0.275385 0.236925 0.147692 0.203975
1 0.135000 0.228033 0.165385 0.198745
1 0.521538 0.785042 0.306154 0.298117
1 0.714231 0.532427 0.220769 0.230126
1 0.891923 0.450837 0.216154 0.326360
1 0.768462 0.787134 0.238462 0.279289
1 0.823846 0.231695 0.189231 0.193515
1 0.751923 0.069038 0.251538 0.133891
1 0.532692 0.063808 0.160769 0.123431
1 0.371154 0.042364 0.142308 0.078452
1 0.218077 0.718619 0.250000 0.163180
