1 0.726000 0.709333 0.328000 0.581333
1 0.258000 0.537333 0.388000 0.216000
1 0.250000 0.693333 0.400000 0.064000
1 0.279000 0.732000 0.334000 0.189333
1 0.270000 0.821333 0.404000 0.261333
1 0.176000 0.248000 0.096000 0.373333
1 0.258000 0.256000 0.112000 0.368000
1 0.306000 0.301333 0.048000 0.288000
1 0.341000 0.276000 0.038000 0.317333
1 0.480000 0.333333 0.048000 0.624000
1 0.525000 0.352000 0.034000 0.666667
1 0.429000 0.265333 0.054000 0.354667
1 0.855000 0.244000 0.082000 0.376000
1 0.795000 0.248000 0.070000 0.384000
1 0.742000 0.234667 0.060000 0.378667
1 0.693000 0.232000 0.046000 0.410667
1 0.639000 0.229333 0.054000 0.400000
1 0.587000 0.224000 0.054000 0.394667
