0 0.519781 0.475282 0.157062 0.402254 
3 0.807180 0.566796 0.058109 0.229507 
3 0.815617 0.332664 0.048734 0.097911 
3 0.760594 0.321150 0.009094 0.103662 
3 0.826000 0.325235 0.055563 0.102582 
3 0.849023 0.582981 0.072172 0.218357 
3 0.782289 0.578721 0.032547 0.173967 
3 0.771945 0.538885 0.057766 0.260305 
3 0.837813 0.314190 0.070563 0.135000 
3 0.768023 0.336362 0.004359 0.074225 
3 0.878547 0.321209 0.061375 0.106690 
3 0.796758 0.313333 0.056578 0.132629 
3 0.969219 0.662664 0.061562 0.054906 
2 0.371977 0.483462 0.108453 0.139836 
3 0.860367 0.316068 0.067984 0.108568 
3 0.545312 0.415493 0.906250 0.830986 
