1 0.585844 0.637224 0.099406 0.082259 
1 0.417727 0.776894 0.027984 0.042165 
1 0.660164 0.751141 0.189172 0.069106 
0 0.613328 0.308988 0.337250 0.608988 
0 0.396352 0.122059 0.025359 0.054565 
0 0.235789 0.194118 0.092047 0.383200 
0 0.888633 0.330565 0.222172 0.587153 
0 0.133555 0.278647 0.261141 0.530329 
0 0.789531 0.130071 0.046062 0.050729 
0 0.924758 0.618247 0.150484 0.396400 
0 0.197422 0.132753 0.026406 0.060518 
0 0.339109 0.144788 0.030062 0.082988 
0 0.543047 0.124412 0.037281 0.058094 
0 0.371828 0.172106 0.055688 0.143694 
0 0.863664 0.126341 0.010547 0.015459 
0 0.507141 0.090929 0.038781 0.076024 
