7 0.398453 0.528094 0.049906 0.036104 
7 0.522859 0.544969 0.082219 0.085312 
7 0.255367 0.505469 0.041922 0.047021 
0 0.832750 0.631292 0.185344 0.726625 
7 0.224367 0.528719 0.041703 0.031146 
7 0.639953 0.492875 0.026500 0.023833 
7 0.558023 0.498323 0.044266 0.015312 
7 0.165602 0.489771 0.022891 0.025542 
7 0.301492 0.485219 0.029547 0.010521 
7 0.210859 0.470708 0.034875 0.013292 
7 0.350633 0.474594 0.020953 0.023312 
7 0.499539 0.516250 0.043484 0.020167 
7 0.088563 0.463760 0.035063 0.020104 
7 0.772883 0.468823 0.026422 0.014979 
7 0.489063 0.522917 0.893750 0.137500 
7 0.489063 0.522917 0.893750 0.137500 
