3 0.725195 0.147189 0.029609 0.033737 
3 0.721695 0.090943 0.028797 0.005872 
3 0.362477 0.383381 0.012891 0.007260 
3 0.043125 0.831299 0.048094 0.085089 
3 0.721516 0.113221 0.029250 0.040676 
3 0.128773 0.866779 0.067266 0.090498 
3 0.781680 0.127473 0.031859 0.022420 
3 0.701516 0.781940 0.010594 0.130142 
3 0.689906 0.150996 0.030094 0.020071 
3 0.766703 0.778541 0.007375 0.099359 
3 0.714359 0.776815 0.021563 0.144306 
3 0.772680 0.781673 0.008672 0.110676 
3 0.402344 0.485765 0.801562 0.964413 
3 0.402344 0.485765 0.801562 0.964413 
