0 0.863602 0.943443 0.173922 0.112365 
3 0.519484 0.485843 0.018812 0.053747 
3 0.403164 0.817026 0.031734 0.123326 
3 0.459570 0.489988 0.019016 0.053372 
3 0.572734 0.803372 0.083969 0.159532 
3 0.599531 0.476030 0.009125 0.054778 
3 0.808016 0.770433 0.035187 0.154403 
3 0.552703 0.480749 0.015906 0.057049 
3 0.693086 0.790878 0.045141 0.135340 
3 0.233547 0.973560 0.188125 0.049227 
3 0.835797 0.770808 0.050781 0.166909 
3 0.730469 0.783056 0.030531 0.149953 
3 0.644781 0.791932 0.032813 0.146768 
3 0.495969 0.804356 0.016906 0.141124 
3 0.510156 0.637002 0.607812 0.510539 
