6 0.286219 0.480574 0.018250 0.092295 
6 0.439648 0.421358 0.018422 0.025714 
0 0.456336 0.709368 0.250016 0.557564 
0 0.739742 0.697319 0.258797 0.578478 
0 0.829430 0.551815 0.101641 0.293419 
0 0.181477 0.648419 0.221391 0.523724 
0 0.286789 0.442295 0.138516 0.243185 
0 0.989055 0.471569 0.020859 0.132412 
0 0.586516 0.424578 0.077625 0.155761 
1 0.284883 0.622717 0.004297 0.009649 
0 0.682562 0.441393 0.081375 0.175527 
1 0.677906 0.622939 0.058937 0.042506 
0 0.416250 0.407295 0.138031 0.191077 
6 0.697977 0.464087 0.012359 0.022412 
