0 0.846883 0.517983 0.306234 0.941580 
0 0.177961 0.494917 0.355922 0.981958 
0 0.720688 0.395271 0.313344 0.572052 
0 0.514586 0.311014 0.096359 0.312830 
0 0.608609 0.319741 0.067344 0.328066 
0 0.564781 0.320991 0.073281 0.314151 
0 0.451758 0.262571 0.041797 0.185943 
0 0.353578 0.530330 0.218844 0.768538 
0 0.625195 0.235094 0.034703 0.100236 
0 0.885805 0.367972 0.035484 0.106462 
1 0.414234 0.895071 0.111344 0.040849 
1 0.654391 0.892205 0.103750 0.025165 
0 0.796094 0.196014 0.047906 0.091462 
