4 0.695289 0.215292 0.275297 0.280000 
5 0.677219 0.385448 0.023438 0.019938 
5 0.697250 0.386292 0.028500 0.022333 
3 0.338031 0.186771 0.075250 0.025875 
3 0.289352 0.255208 0.022453 0.130125 
3 0.326070 0.262385 0.055766 0.029937 
3 0.367109 0.318500 0.030406 0.028542 
3 0.392680 0.952750 0.078047 0.063083 
3 0.327594 0.203417 0.070000 0.021292 
3 0.360164 0.220750 0.034984 0.020375 
3 0.417461 0.381073 0.007453 0.043979 
3 0.465406 0.397229 0.003031 0.040167 
3 0.499297 0.297698 0.005687 0.054771 
3 0.438883 0.457281 0.094609 0.091896 
