6 0.197109 0.349380 0.042719 0.138809 
6 0.325203 0.169926 0.020875 0.091563 
6 0.621063 0.447705 0.043156 0.118437 
0 0.811531 0.488834 0.176594 0.685261 
0 0.652477 0.447196 0.172328 0.665161 
0 0.296453 0.529206 0.191031 0.640447 
0 0.457758 0.451315 0.193859 0.759553 
0 0.481070 0.183263 0.189516 0.364739 
0 0.323945 0.183883 0.139891 0.361414 
0 0.162023 0.474156 0.239141 0.692134 
0 0.619805 0.481315 0.208953 0.475335 
6 0.650586 0.275012 0.010391 0.024318 
0 0.647422 0.192568 0.163094 0.382903 
6 0.468266 0.249007 0.018469 0.048834 
