4 0.066578 0.330177 0.130937 0.372354 
3 0.571352 0.602885 0.066203 0.029187 
3 0.507945 0.603979 0.065234 0.029708 
3 0.447016 0.576208 0.058062 0.025875 
3 0.446531 0.605510 0.060469 0.033771 
3 0.447617 0.504281 0.052047 0.022562 
3 0.500188 0.503104 0.052906 0.024000 
3 0.561648 0.549208 0.060891 0.024458 
3 0.504648 0.551010 0.057422 0.025896 
3 0.624336 0.573281 0.062328 0.027687 
3 0.540875 0.503969 0.033281 0.018854 
3 0.599836 0.526208 0.077391 0.026875 
3 0.510188 0.736312 0.069437 0.047333 
3 0.447219 0.527271 0.056719 0.031667 
3 0.535156 0.595833 0.242188 0.425000 
