0 0.629844 0.421146 0.194188 0.315792 
0 0.474477 0.441198 0.091266 0.158729 
0 0.252711 0.489437 0.255016 0.476625 
0 0.594945 0.501875 0.107859 0.173042 
3 0.563766 0.225844 0.028656 0.056187 
3 0.523563 0.032313 0.012625 0.045917 
3 0.543172 0.134073 0.005344 0.037812 
3 0.529570 0.180844 0.004984 0.034521 
3 0.541250 0.226000 0.015156 0.043583 
3 0.520914 0.132604 0.005016 0.036167 
3 0.488070 0.038375 0.010328 0.040208 
3 0.522727 0.179562 0.007578 0.040375 
3 0.527094 0.081354 0.096250 0.054000 
3 0.511492 0.132635 0.009797 0.039188 
3 0.529375 0.127594 0.005594 0.031479 
3 0.534945 0.223240 0.007266 0.034312 
3 0.532172 0.034729 0.007000 0.041333 
1 0.744727 0.551292 0.016203 0.046250 
3 0.528906 0.148958 0.110937 0.289583 
3 0.528906 0.148958 0.110937 0.289583 
