7 0.825867 0.732759 0.068484 0.088351 
7 0.837461 0.695624 0.044297 0.025539 
7 0.929586 0.696385 0.028797 0.039239 
7 0.768914 0.638393 0.026953 0.023214 
7 0.695414 0.639482 0.031516 0.025603 
7 0.634383 0.643700 0.036578 0.031121 
7 0.573422 0.648066 0.038750 0.036596 
7 0.501750 0.636998 0.018531 0.040973 
7 0.394312 0.561268 0.014969 0.016152 
7 0.320414 0.551892 0.014703 0.014059 
7 0.719070 0.637315 0.020484 0.028203 
7 0.617945 0.638478 0.019172 0.025328 
7 0.539367 0.511691 0.016828 0.013108 
7 0.429719 0.542981 0.012656 0.005877 
7 0.511656 0.578520 0.020094 0.018478 
7 0.214883 0.579947 0.020266 0.033298 
7 0.500000 0.520085 0.996875 0.194503 
7 0.500000 0.520085 0.996875 0.194503 
