7 0.497781 0.664555 0.115906 0.150141 
7 0.645766 0.639297 0.206437 0.201124 
7 0.872516 0.640480 0.093156 0.161429 
7 0.685641 0.491639 0.033844 0.053864 
7 0.585008 0.507096 0.063359 0.088665 
0 0.636188 0.381686 0.056313 0.163513 
7 0.356578 0.637588 0.070969 0.147588 
7 0.745664 0.606475 0.158203 0.186628 
7 0.641234 0.513946 0.059281 0.094028 
7 0.914266 0.508923 0.088000 0.098923 
7 0.252523 0.641218 0.127734 0.157002 
7 0.598633 0.530948 0.035859 0.048314 
7 0.954023 0.651464 0.091953 0.159883 
