0 0.644262 0.626141 0.135550 0.343969 
0 0.435679 0.626734 0.091546 0.324688 
0 0.489204 0.499836 0.067026 0.111766 
0 0.563478 0.519219 0.078150 0.166688 
0 0.492564 0.436914 0.129110 0.089453 
0 0.413044 0.449664 0.040843 0.058984 
0 0.461487 0.540617 0.062412 0.059234 
0 0.742471 0.519656 0.055527 0.155406 
0 0.750867 0.483062 0.163841 0.106719 
0 0.783888 0.519172 0.080047 0.114406 
0 0.804098 0.595523 0.067307 0.351141 
0 0.261382 0.706203 0.307213 0.555438 
4 0.595515 0.230453 0.194028 0.103937 
