3 0.918470 0.200010 0.045580 0.112900 
3 0.571910 0.211670 0.038220 0.078660 
3 0.738790 0.217490 0.024660 0.107620 
3 0.597350 0.221630 0.030140 0.070300 
3 0.361800 0.192880 0.170800 0.035960 
3 0.626990 0.218430 0.012420 0.048380 
3 0.780890 0.217660 0.010340 0.090560 
3 0.809010 0.213530 0.011700 0.100980 
3 0.879190 0.214090 0.020780 0.114020 
0 0.178730 0.564640 0.357300 0.243160 
3 0.374340 0.231040 0.167680 0.022120 
3 0.365410 0.216330 0.153380 0.019100 
3 0.668010 0.251890 0.096660 0.016260 
3 0.672140 0.239290 0.073360 0.012220 
3 0.608000 0.206000 0.672000 0.128000 
