7 0.419367 0.495490 0.055453 0.068187 
7 0.416445 0.453021 0.050828 0.027458 
7 0.473391 0.502146 0.075813 0.070958 
7 0.611641 0.492563 0.071813 0.066417 
7 0.643023 0.485385 0.071484 0.064354 
7 0.689500 0.478812 0.060500 0.060708 
7 0.733063 0.474490 0.044125 0.057396 
7 0.776211 0.474344 0.078516 0.072979 
7 0.574852 0.447260 0.047109 0.012479 
7 0.394008 0.494781 0.043797 0.060729 
7 0.504359 0.445563 0.054344 0.023167 
7 0.480734 0.454229 0.043312 0.028083 
7 0.565625 0.454167 0.256250 0.045833 
7 0.565625 0.454167 0.256250 0.045833 
