7 0.693930 0.759865 0.110300 0.273123 
7 0.908750 0.767207 0.084980 0.213273 
7 0.970290 0.783393 0.054540 0.224144 
7 0.545150 0.769940 0.084780 0.250871 
7 0.420530 0.730961 0.076060 0.221862 
7 0.323570 0.726276 0.069220 0.238198 
0 0.812670 0.642703 0.164620 0.606727 
0 0.217010 0.556922 0.209540 0.548318 
0 0.092720 0.619820 0.129240 0.475075 
7 0.587370 0.756967 0.052820 0.250210 
7 0.624300 0.750150 0.048520 0.223844 
7 0.485200 0.742132 0.092520 0.256877 
7 0.362190 0.708994 0.047900 0.217988 
7 0.909310 0.697447 0.105420 0.144204 
