8 0.503508 0.374310 0.110766 0.397741 
0 0.620164 0.775282 0.347422 0.426967 
0 0.794703 0.639759 0.172875 0.328096 
0 0.884898 0.723316 0.230203 0.553368 
0 0.892813 0.554310 0.085000 0.229372 
0 0.927219 0.411967 0.087844 0.093598 
0 0.961508 0.357406 0.076016 0.156402 
0 0.880008 0.434090 0.097828 0.219644 
0 0.836141 0.429351 0.069500 0.102762 
0 0.628477 0.431747 0.086453 0.289393 
0 0.236250 0.568023 0.225250 0.365084 
0 0.322813 0.516820 0.164375 0.372427 
0 0.281289 0.829874 0.318141 0.340251 
0 0.402391 0.484582 0.129031 0.438452 
0 0.494531 0.498954 0.989062 0.997908 
