0 0.580156 0.526042 0.491031 0.917042 
5 0.686008 0.803667 0.060984 0.052917 
5 0.772164 0.587260 0.087734 0.065313 
3 0.954570 0.536375 0.039047 0.181792 
3 0.978219 0.544219 0.040563 0.177062 
3 0.987727 0.560833 0.024547 0.169167 
3 0.873453 0.516000 0.079781 0.153958 
3 0.921938 0.528844 0.028000 0.162896 
0 0.842695 0.138125 0.034797 0.060042 
0 0.749328 0.112604 0.027719 0.040583 
0 0.274492 0.574323 0.542234 0.826562 
0 0.746508 0.532510 0.270141 0.824688 
0 0.769352 0.124698 0.022516 0.045604 
