4 0.210672 0.452240 0.266281 0.287646 
0 0.658984 0.618427 0.269656 0.739313 
0 0.835953 0.584271 0.219094 0.696625 
2 0.479820 0.678958 0.041391 0.078083 
5 0.551836 0.598594 0.028922 0.030062 
5 0.611852 0.334542 0.004078 0.010000 
3 0.241922 0.275083 0.011969 0.066333 
3 0.180992 0.276760 0.005016 0.064313 
3 0.257461 0.271698 0.014516 0.061937 
3 0.249008 0.272042 0.004859 0.059417 
3 0.214961 0.275969 0.037328 0.065437 
3 0.165203 0.275823 0.013312 0.068896 
3 0.186312 0.276448 0.005375 0.066187 
