4 0.398469 0.293125 0.057063 0.148250 
4 0.279141 0.257354 0.015500 0.100292 
0 0.508094 0.683740 0.289625 0.604896 
0 0.691852 0.631458 0.244391 0.710125 
0 0.242461 0.312438 0.099266 0.139208 
0 0.183906 0.262969 0.079094 0.170479 
0 0.091852 0.499625 0.180328 0.982042 
0 0.210789 0.247406 0.067703 0.097729 
5 0.700328 0.581156 0.037125 0.032396 
5 0.551805 0.910156 0.051047 0.058937 
0 0.261219 0.469052 0.201594 0.376312 
4 0.332430 0.259708 0.034734 0.104042 
5 0.560492 0.895344 0.045922 0.048063 
5 0.749477 0.675906 0.044953 0.034396 
