4 0.422170 0.716493 0.420620 0.529893 
3 0.722360 0.389267 0.011600 0.126267 
3 0.854430 0.394213 0.096020 0.168427 
3 0.670570 0.392760 0.012460 0.128667 
3 0.680450 0.392720 0.010220 0.130347 
3 0.692280 0.395107 0.012840 0.126000 
3 0.693970 0.759547 0.058700 0.152000 
3 0.703290 0.390120 0.017580 0.130427 
3 0.735170 0.391760 0.144100 0.130560 
3 0.703650 0.946067 0.244380 0.085413 
2 0.434180 0.079440 0.096480 0.141707 
3 0.229940 0.248627 0.109520 0.014053 
3 0.228080 0.260147 0.111120 0.014053 
3 0.230990 0.273973 0.107460 0.012640 
2 0.810760 0.164440 0.079720 0.147120 
3 0.231520 0.286933 0.107440 0.013867 
3 0.728000 0.846667 0.196000 0.301333 
3 0.728000 0.846667 0.196000 0.301333 
