0 0.602904 0.600750 0.404169 0.321344 
0 0.209145 0.614172 0.418290 0.354438 
0 0.735527 0.497281 0.084684 0.102750 
0 0.350199 0.504906 0.149063 0.118031 
0 0.400504 0.470008 0.033934 0.038266 
0 0.511007 0.478570 0.068197 0.047078 
0 0.937283 0.455805 0.125433 0.117672 
1 0.676464 0.848289 0.134567 0.158453 
1 0.629075 0.552570 0.109766 0.039172 
1 0.274496 0.649414 0.104918 0.019297 
1 0.427892 0.976031 0.067822 0.047781 
1 0.564813 0.824742 0.104098 0.097234 
0 0.424215 0.493578 0.037237 0.059625 
0 0.713361 0.471539 0.037963 0.041359 
0 0.658876 0.469953 0.025574 0.025250 
0 0.718852 0.439055 0.077658 0.036953 
0 0.680796 0.479594 0.041311 0.058969 
