0 0.974429 0.900164 0.051143 0.199609 
0 0.732690 0.727984 0.045063 0.132594 
0 0.421937 0.770164 0.078540 0.225203 
6 0.901841 0.709078 0.016921 0.030719 
0 0.111984 0.633773 0.042159 0.069734 
0 0.303556 0.697023 0.049365 0.162641 
0 0.729159 0.824055 0.057937 0.137172 
0 0.422429 0.555313 0.022921 0.037031 
0 0.494230 0.589078 0.037286 0.098062 
0 0.139476 0.765133 0.061651 0.205328 
0 0.081246 0.752750 0.079317 0.225656 
0 0.354587 0.735133 0.052317 0.189672 
0 0.276222 0.750234 0.059302 0.166938 
6 0.499254 0.566383 0.005302 0.014172 
6 0.762333 0.572766 0.004667 0.010531 
6 0.989937 0.551414 0.005206 0.013297 
6 0.960056 0.736852 0.012683 0.036547 
6 0.424262 0.618781 0.006429 0.016875 
6 0.969968 0.528961 0.003143 0.009422 
0 0.584841 0.779102 0.076159 0.227828 
0 0.500000 0.659375 0.996825 0.521875 
0 0.500000 0.659375 0.996825 0.521875 
