1 0.331305 0.859573 0.192359 0.280854 
1 0.173141 0.857708 0.212750 0.281708 
1 0.095164 0.711552 0.179859 0.245521 
1 0.127805 0.806052 0.255609 0.329604 
1 0.241875 0.872240 0.183469 0.249062 
1 0.014688 0.607542 0.029375 0.071792 
1 0.397789 0.903958 0.123891 0.192083 
1 0.507445 0.850885 0.165078 0.298229 
1 0.772984 0.940354 0.100562 0.119292 
1 0.029406 0.750146 0.058813 0.077625 
1 0.054266 0.652708 0.104656 0.116292 
1 0.576414 0.934104 0.084578 0.131792 
1 0.660695 0.959135 0.077953 0.081729 
