4 0.798450 0.334533 0.403100 0.655680 
0 0.179490 0.496253 0.358980 0.984293 
5 0.282640 0.884680 0.075960 0.112880 
3 0.052270 0.151347 0.062100 0.135920 
3 0.043440 0.034880 0.012840 0.069387 
3 0.277290 0.381827 0.007980 0.056347 
3 0.024400 0.039773 0.023760 0.079547 
3 0.031490 0.037867 0.019540 0.075733 
3 0.080650 0.029507 0.029100 0.059013 
3 0.295540 0.371320 0.007760 0.058213 
3 0.014340 0.044413 0.025520 0.088827 
3 0.038670 0.036320 0.013220 0.071413 
3 0.060030 0.030907 0.014780 0.061813 
3 0.051250 0.035067 0.022300 0.070133 
