0 0.615695 0.335690 0.241828 0.360586 
0 0.300414 0.391925 0.226484 0.427448 
0 0.908766 0.427929 0.182469 0.369372 
0 0.125039 0.791161 0.246734 0.395502 
0 0.665477 0.908985 0.297078 0.159561 
1 0.424414 0.789697 0.053734 0.032782 
1 0.181320 0.427741 0.027797 0.027155 
1 0.768648 0.487887 0.029328 0.053515 
1 0.735625 0.628724 0.091563 0.072636 
0 0.137391 0.108640 0.134625 0.207406 
0 0.262086 0.108546 0.137828 0.217092 
1 0.297547 0.484833 0.047125 0.074184 
1 0.575047 0.467406 0.124906 0.033640 
0 0.139234 0.387280 0.278469 0.464393 
