3 0.448477 0.274553 0.006828 0.047788 
3 0.451875 0.344024 0.004594 0.049459 
3 0.404461 0.345141 0.008859 0.053718 
3 0.483133 0.324141 0.031453 0.009929 
3 0.462719 0.345741 0.005719 0.051294 
3 0.470031 0.277059 0.010031 0.039153 
3 0.433125 0.273906 0.005094 0.046118 
3 0.429914 0.346024 0.005578 0.047765 
3 0.489875 0.177882 0.071969 0.038871 
3 0.484508 0.350024 0.007047 0.038494 
3 0.417234 0.413918 0.005031 0.054706 
3 0.417492 0.271824 0.007328 0.050000 
3 0.448773 0.345965 0.004234 0.046941 
3 0.470313 0.312941 0.171875 0.400000 
3 0.470313 0.312941 0.171875 0.400000 
3 0.470313 0.312941 0.171875 0.400000 
