0 0.825000 0.659552 0.345500 0.658438 
0 0.859797 0.346844 0.216219 0.448188 
0 0.893383 0.166437 0.069359 0.119875 
0 0.082953 0.541646 0.162531 0.889375 
0 0.329492 0.595510 0.544391 0.782021 
3 0.554844 0.393271 0.090688 0.014042 
3 0.551906 0.403417 0.090125 0.017208 
4 0.635797 0.198104 0.023750 0.088000 
3 0.570758 0.329271 0.053234 0.030333 
3 0.566461 0.359385 0.086828 0.032979 
3 0.562711 0.374854 0.103734 0.034792 
3 0.684438 0.323375 0.082375 0.072375 
3 0.583383 0.311885 0.069359 0.079729 
3 0.746250 0.291052 0.016906 0.024604 
0 0.397750 0.275281 0.151688 0.384271 
0 0.219891 0.276396 0.167406 0.349750 
3 0.533805 0.427656 0.149703 0.032021 
3 0.704125 0.306219 0.069875 0.055146 
3 0.745727 0.316719 0.019922 0.029979 
