0 0.419437 0.531646 0.196844 0.527333 
0 0.702773 0.521656 0.195422 0.474771 
0 0.166008 0.785021 0.332016 0.406750 
0 0.211047 0.422865 0.230375 0.242146 
0 0.814758 0.652646 0.246609 0.458750 
5 0.406547 0.537865 0.018906 0.072354 
5 0.161250 0.897146 0.035594 0.019458 
5 0.638367 0.506312 0.032266 0.022208 
3 0.474852 0.189052 0.059984 0.054646 
3 0.489766 0.277104 0.048313 0.056792 
5 0.775719 0.685552 0.016875 0.026396 
3 0.470969 0.224552 0.048812 0.010771 
3 0.556773 0.285729 0.053484 0.056750 
