3 0.098625 0.244635 0.008656 0.056354 
3 0.129758 0.232260 0.023234 0.074854 
3 0.069977 0.411187 0.011547 0.065292 
3 0.120797 0.481219 0.011156 0.073771 
3 0.143695 0.479417 0.009359 0.072458 
3 0.369180 0.509760 0.075234 0.075604 
3 0.372266 0.581677 0.071906 0.085437 
3 0.377039 0.650781 0.067672 0.080563 
3 0.108055 0.243990 0.010609 0.058021 
3 0.117227 0.325750 0.011766 0.059458 
3 0.122156 0.410500 0.013625 0.054458 
3 0.111867 0.418396 0.020266 0.043542 
3 0.104156 0.491927 0.012406 0.058396 
3 0.103125 0.450000 0.143750 0.483333 
