4 0.088492 0.349047 0.176984 0.648588 
0 0.866117 0.437929 0.267766 0.755294 
0 0.675102 0.441776 0.299641 0.618376 
5 0.705992 0.444388 0.062734 0.042188 
5 0.751148 0.382024 0.015297 0.024706 
5 0.541656 0.192859 0.020625 0.082800 
3 0.744367 0.769376 0.162109 0.049012 
3 0.744078 0.786035 0.189938 0.038282 
5 0.728258 0.742059 0.076141 0.043835 
5 0.885961 0.838235 0.141297 0.045976 
5 0.791992 0.263553 0.025859 0.033694 
5 0.132234 0.741353 0.056531 0.020400 
5 0.991945 0.781965 0.016109 0.028635 
5 0.206625 0.719800 0.022437 0.030612 
