0 0.661664 0.579569 0.412266 0.815035 
6 0.414672 0.495629 0.026844 0.151678 
5 0.310102 0.601294 0.073141 0.072890 
3 0.107305 0.516632 0.007766 0.089441 
3 0.082570 0.519802 0.015391 0.103054 
3 0.076445 0.178788 0.008297 0.067692 
3 0.111805 0.643217 0.031203 0.120886 
3 0.124062 0.510373 0.008219 0.097436 
3 0.168820 0.459779 0.041484 0.010186 
3 0.169469 0.231830 0.046750 0.016340 
3 0.086375 0.185618 0.008281 0.070676 
3 0.101461 0.064289 0.014578 0.086107 
3 0.117945 0.073625 0.015984 0.100070 
3 0.076422 0.126702 0.048438 0.042587 
0 0.383781 0.608753 0.243312 0.725991 
5 0.642156 0.483147 0.108500 0.140979 
3 0.114836 0.309790 0.006672 0.084522 
3 0.105727 0.297716 0.014328 0.103030 
3 0.475781 0.379953 0.939063 0.759907 
3 0.475781 0.379953 0.939063 0.759907 
