7 0.253227 0.647312 0.503234 0.572042 
7 0.034594 0.601313 0.069187 0.213875 
7 0.923086 0.179792 0.134547 0.239833 
7 0.355641 0.093010 0.075813 0.184938 
7 0.216125 0.341938 0.429031 0.167750 
7 0.642609 0.269698 0.181156 0.307896 
0 0.703656 0.558052 0.547750 0.631479 
0 0.481781 0.224479 0.203469 0.443958 
0 0.198430 0.154937 0.161422 0.307167 
0 0.745547 0.088042 0.111219 0.173375 
7 0.968164 0.318969 0.063672 0.249312 
7 0.666578 0.075844 0.102813 0.150562 
0 0.630953 0.072083 0.044375 0.144167 
