0 0.763880 0.580293 0.229800 0.610453 
0 0.303530 0.644507 0.314460 0.679360 
5 0.194870 0.682853 0.062060 0.039147 
5 0.332630 0.698653 0.022740 0.036187 
5 0.711360 0.616200 0.035440 0.022160 
3 0.948920 0.404080 0.085640 0.096480 
0 0.563850 0.104120 0.043300 0.099760 
0 0.662700 0.146427 0.032960 0.096320 
0 0.960610 0.778627 0.078780 0.158693 
0 0.387750 0.087187 0.150460 0.174373 
0 0.638790 0.042693 0.018500 0.022773 
5 0.091210 0.574333 0.025340 0.041520 
5 0.681730 0.596800 0.026860 0.026080 
3 0.923530 0.387907 0.029540 0.035067 
