0 0.410469 0.611490 0.280406 0.427937 
5 0.769195 0.806677 0.062797 0.059146 
5 0.878555 0.907250 0.078547 0.082167 
5 0.931023 0.895125 0.137453 0.126500 
3 0.227766 0.352833 0.006750 0.058250 
3 0.340750 0.350927 0.005719 0.057396 
3 0.195617 0.495052 0.008703 0.060479 
3 0.389492 0.303979 0.061609 0.012292 
3 0.358234 0.206135 0.035813 0.055938 
3 0.451734 0.207281 0.010844 0.057813 
3 0.094094 0.215542 0.010562 0.053792 
3 0.082094 0.286437 0.005969 0.055667 
3 0.078484 0.497948 0.009625 0.053729 
3 0.362516 0.355302 0.007344 0.052813 
3 0.196219 0.422906 0.009469 0.061021 
2 0.073563 0.166708 0.050062 0.049125 
2 0.124375 0.167396 0.040031 0.044667 
2 0.012492 0.166760 0.024984 0.049896 
3 0.062945 0.363687 0.026203 0.049708 
3 0.236258 0.422760 0.007797 0.057146 
3 0.242969 0.382292 0.485938 0.439583 
