7 0.463875 0.614368 0.186125 0.448501 
7 0.619297 0.520574 0.180812 0.332014 
7 0.806414 0.469321 0.162766 0.241780 
0 0.400164 0.495749 0.160078 0.647986 
0 0.754891 0.381698 0.162125 0.201663 
0 0.776805 0.214918 0.049109 0.135691 
0 0.059695 0.264426 0.115578 0.153583 
0 0.689078 0.298326 0.041969 0.149485 
7 0.879398 0.437073 0.138641 0.164356 
0 0.142477 0.347002 0.095016 0.320703 
0 0.277375 0.348466 0.065969 0.346066 
0 0.561945 0.271241 0.042391 0.177564 
0 0.557969 0.221288 0.036500 0.103794 
0 0.362961 0.254778 0.069172 0.160422 
0 0.529031 0.444977 0.140156 0.511171 
