4 0.356797 0.380240 0.164344 0.201396 
5 0.541898 0.873812 0.041297 0.032167 
3 0.498078 0.784292 0.071281 0.050292 
3 0.496320 0.789917 0.102359 0.052750 
3 0.842641 0.406396 0.048688 0.103542 
3 0.892125 0.410625 0.076000 0.177958 
3 0.951148 0.413552 0.062078 0.102396 
3 0.165875 0.653573 0.035687 0.011646 
3 0.220375 0.645385 0.034406 0.034646 
0 0.356703 0.360188 0.047094 0.100500 
6 0.021578 0.338312 0.018500 0.314875 
6 0.032086 0.327646 0.013953 0.298958 
6 0.007156 0.308479 0.014281 0.273125 
3 0.510258 0.727479 0.087453 0.046833 
3 0.680117 0.587500 0.118516 0.059583 
3 0.212305 0.667344 0.049328 0.016021 
3 0.962773 0.435365 0.060984 0.064146 
3 0.467062 0.767437 0.080531 0.038458 
3 0.488508 0.735667 0.042516 0.015875 
3 0.483594 0.597917 0.692187 0.625000 
3 0.483594 0.597917 0.692187 0.625000 
