3 0.639437 0.149833 0.070312 0.039625 
3 0.649961 0.114260 0.100984 0.019896 
3 0.252914 0.079448 0.058109 0.012771 
3 0.189391 0.124531 0.006750 0.050146 
3 0.218563 0.120604 0.018219 0.048583 
3 0.262070 0.143281 0.020016 0.038854 
3 0.652898 0.072906 0.105766 0.034521 
3 0.156234 0.126635 0.039062 0.115854 
3 0.208078 0.127198 0.023938 0.071104 
3 0.178547 0.136146 0.032313 0.104667 
3 0.273008 0.133031 0.007328 0.072354 
3 0.648055 0.097948 0.082891 0.029521 
3 0.648469 0.126812 0.093875 0.017958 
