0 0.487190 0.506063 0.819780 0.910125 
0 0.550110 0.390637 0.438660 0.426975 
5 0.183370 0.884262 0.201340 0.226975 
5 0.285590 0.916662 0.131540 0.139625 
3 0.684960 0.137712 0.032760 0.118425 
3 0.644740 0.314213 0.148840 0.071675 
3 0.804270 0.149775 0.039140 0.124550 
3 0.765320 0.107700 0.035120 0.205400 
3 0.844040 0.122475 0.030560 0.065150 
5 0.213110 0.708800 0.082860 0.083100 
3 0.829370 0.158875 0.029420 0.096300 
3 0.699730 0.137288 0.022700 0.123275 
3 0.742910 0.130650 0.030500 0.138450 
3 0.667170 0.125113 0.036220 0.149075 
3 0.787800 0.136950 0.021840 0.137800 
5 0.588590 0.430712 0.034860 0.040675 
