7 0.044195 0.765248 0.088391 0.210297 
7 0.167141 0.773564 0.063125 0.111749 
7 0.483594 0.607145 0.030406 0.059307 
7 0.614016 0.592096 0.043625 0.075479 
7 0.786383 0.551931 0.025641 0.038977 
7 0.960734 0.635908 0.034469 0.053531 
7 0.453117 0.518449 0.014047 0.024488 
7 0.409875 0.509917 0.018750 0.025380 
7 0.556727 0.531617 0.014078 0.029703 
7 0.919875 0.622937 0.017625 0.048053 
7 0.886812 0.510875 0.005562 0.016469 
7 0.960719 0.566716 0.020875 0.025842 
7 0.814672 0.552954 0.012844 0.011386 
7 0.335875 0.518300 0.014688 0.029208 
7 0.672570 0.545759 0.016953 0.025908 
7 0.484375 0.514851 0.965625 0.151815 
7 0.484375 0.514851 0.965625 0.151815 
