0 0.328273 0.361240 0.138203 0.408896 
0 0.714297 0.680427 0.149938 0.499771 
3 0.950977 0.253500 0.018859 0.090708 
3 0.926414 0.249021 0.031547 0.095708 
3 0.910180 0.116219 0.013984 0.093729 
3 0.936789 0.009948 0.008328 0.019896 
3 0.938586 0.115240 0.011203 0.095438 
3 0.933383 0.254281 0.019891 0.089312 
3 0.931523 0.379812 0.025578 0.117333 
3 0.935297 0.505500 0.020438 0.100917 
3 0.880273 0.246427 0.021516 0.103104 
3 0.914789 0.368958 0.024641 0.122917 
3 0.908609 0.251594 0.009344 0.088813 
0 0.470344 0.634646 0.249688 0.730708 
3 0.973891 0.378458 0.005750 0.114583 
3 0.964102 0.253469 0.009234 0.093063 
3 0.709375 0.286458 0.578125 0.572917 
