4 0.224211 0.555235 0.092328 0.157812 
3 0.345133 0.426024 0.021547 0.027341 
3 0.340523 0.516447 0.008828 0.037788 
3 0.345383 0.552235 0.003922 0.028376 
3 0.353477 0.548447 0.003922 0.025412 
3 0.311656 0.516518 0.022281 0.052659 
3 0.344008 0.457188 0.007953 0.032824 
3 0.219039 0.727165 0.036422 0.067129 
3 0.313586 0.465259 0.004109 0.042329 
3 0.308227 0.521365 0.017453 0.050682 
3 0.266234 0.720059 0.024594 0.027835 
3 0.356336 0.458847 0.003828 0.026635 
3 0.344297 0.512200 0.009500 0.037106 
3 0.343750 0.548235 0.559375 0.465882 
3 0.343750 0.548235 0.559375 0.465882 
