0 0.980055 0.191010 0.038766 0.170771 
3 0.110828 0.243875 0.013437 0.060375 
3 0.254688 0.159479 0.249719 0.081167 
3 0.080187 0.245219 0.057156 0.062146 
3 0.158852 0.238365 0.021922 0.054437 
3 0.119375 0.092333 0.025906 0.056292 
3 0.150680 0.065531 0.050016 0.014854 
0 0.750875 0.178937 0.031938 0.150375 
3 0.348828 0.217750 0.011000 0.048917 
3 0.055391 0.177438 0.013281 0.049667 
3 0.103359 0.174229 0.006219 0.052750 
3 0.083023 0.097823 0.010859 0.055646 
0 0.926164 0.188063 0.097703 0.203875 
3 0.246375 0.085562 0.011625 0.066292 
3 0.312273 0.088031 0.031578 0.060312 
3 0.216375 0.095594 0.011187 0.049229 
3 0.499219 0.300000 0.998437 0.600000 
3 0.499219 0.300000 0.998437 0.600000 
