4 0.839320 0.635958 0.187078 0.301139 
0 0.884680 0.631139 0.046828 0.118722 
4 0.092906 0.555056 0.089750 0.265167 
5 0.882906 0.490347 0.087031 0.044972 
3 0.646820 0.195833 0.004641 0.084556 
3 0.525055 0.178847 0.032891 0.102806 
3 0.511117 0.177389 0.028328 0.108889 
3 0.490922 0.182306 0.014156 0.093556 
3 0.570234 0.182694 0.028375 0.102333 
3 0.468969 0.181181 0.028406 0.095361 
3 0.522461 0.034750 0.008609 0.068111 
3 0.628391 0.027264 0.012438 0.054528 
3 0.612094 0.184264 0.082531 0.109528 
3 0.528203 0.193167 0.003844 0.072944 
4 0.142297 0.470083 0.071094 0.252722 
3 0.543883 0.192028 0.024016 0.075111 
3 0.193273 0.726389 0.065391 0.070333 
3 0.569703 0.046625 0.023500 0.044750 
