7 0.375594 0.625812 0.222781 0.477412 
7 0.533977 0.628553 0.157172 0.439224 
7 0.748680 0.414153 0.120484 0.276447 
7 0.430305 0.345588 0.104422 0.136682 
7 0.252539 0.366753 0.102578 0.121694 
7 0.102109 0.411835 0.118531 0.243012 
7 0.829742 0.616929 0.085266 0.282329 
7 0.744531 0.666624 0.085156 0.283647 
7 0.867109 0.520353 0.145875 0.376000 
0 0.372461 0.180247 0.103609 0.216918 
7 0.526438 0.429800 0.197063 0.229388 
7 0.638398 0.675412 0.071297 0.274259 
7 0.692070 0.624682 0.062828 0.180188 
7 0.637109 0.365788 0.117438 0.200282 
7 0.168227 0.499718 0.058578 0.201600 
7 0.454688 0.556471 0.909375 0.562353 
7 0.454688 0.556471 0.909375 0.562353 
