7 0.414539 0.852593 0.138672 0.207336 
7 0.312406 0.828096 0.093906 0.206893 
7 0.219125 0.804299 0.097281 0.220701 
7 0.153070 0.748236 0.069234 0.207220 
7 0.099273 0.712009 0.068266 0.203551 
7 0.522055 0.807523 0.092047 0.230093 
7 0.661336 0.723785 0.094578 0.079673 
7 0.489539 0.616051 0.085078 0.112243 
7 0.471328 0.717523 0.080750 0.112570 
7 0.677633 0.825853 0.115828 0.211098 
7 0.878227 0.632430 0.052422 0.102196 
7 0.918102 0.667862 0.051453 0.072547 
7 0.128594 0.621285 0.057406 0.108411 
7 0.114094 0.578096 0.065625 0.069182 
7 0.764844 0.786449 0.083937 0.201916 
7 0.499219 0.691589 0.998437 0.448598 
7 0.499219 0.691589 0.998437 0.448598 
