4 0.884281 0.487115 0.231438 0.478354 
0 0.232063 0.521302 0.248875 0.419271 
5 0.328445 0.655365 0.036578 0.055688 
5 0.284883 0.733240 0.065797 0.044604 
3 0.496281 0.305042 0.007281 0.079125 
3 0.514594 0.417990 0.013281 0.092812 
3 0.460125 0.420948 0.011719 0.092229 
3 0.852625 0.726750 0.138844 0.091208 
3 0.643523 0.425510 0.009672 0.078437 
3 0.678930 0.426292 0.009359 0.078333 
3 0.581953 0.548865 0.263188 0.102396 
3 0.388258 0.515542 0.034359 0.068458 
3 0.697312 0.427146 0.011750 0.074667 
3 0.559547 0.176573 0.013906 0.091563 
3 0.564398 0.054479 0.193172 0.108958 
3 0.503875 0.306240 0.006406 0.072646 
0 0.211047 0.691812 0.418719 0.616375 
5 0.678750 0.841948 0.048844 0.061687 
5 0.632078 0.836729 0.029063 0.036667 
3 0.505305 0.171927 0.015953 0.097813 
3 0.548438 0.331250 0.487500 0.437500 
3 0.548438 0.331250 0.487500 0.437500 
