3 0.337016 0.365994 0.074250 0.114038 
3 0.401766 0.314519 0.091094 0.114226 
3 0.416773 0.097395 0.069641 0.180774 
3 0.126445 0.299843 0.078547 0.118473 
3 0.144156 0.092939 0.284281 0.184456 
3 0.264344 0.200000 0.075531 0.157322 
3 0.197797 0.423431 0.056344 0.110042 
3 0.266289 0.416893 0.080359 0.118347 
3 0.287031 0.393337 0.077344 0.143745 
3 0.372055 0.345084 0.057484 0.100251 
3 0.437937 0.309153 0.086125 0.064498 
3 0.165883 0.470105 0.081297 0.165314 
3 0.207281 0.234592 0.066750 0.135962 
3 0.295312 0.256276 0.512500 0.512552 
