4 0.828578 0.651765 0.342844 0.696471 
0 0.282789 0.543447 0.437234 0.889906 
5 0.486867 0.636435 0.051891 0.045906 
3 0.112680 0.381894 0.024797 0.177576 
3 0.027422 0.383753 0.018563 0.188588 
3 0.207891 0.095718 0.029906 0.189176 
3 0.078586 0.380188 0.050203 0.191247 
3 0.135680 0.382612 0.030359 0.160047 
3 0.166469 0.385953 0.025469 0.147012 
3 0.082437 0.628459 0.023875 0.150565 
3 0.110797 0.609929 0.020000 0.176235 
3 0.131242 0.566776 0.014016 0.094541 
3 0.129367 0.107106 0.018141 0.155718 
3 0.191437 0.114859 0.032906 0.123882 
3 0.186953 0.387388 0.032906 0.150918 
5 0.371680 0.825059 0.028359 0.046918 
3 0.203102 0.379647 0.021953 0.142024 
3 0.110937 0.447059 0.218750 0.894118 
