0 0.326461 0.379941 0.100891 0.212014 
3 0.135453 0.708911 0.121781 0.104098 
3 0.276227 0.672494 0.089266 0.060679 
3 0.235539 0.555984 0.080516 0.045082 
0 0.092953 0.844953 0.185906 0.143817 
3 0.433578 0.506429 0.073656 0.047518 
3 0.399258 0.482213 0.059391 0.035199 
3 0.023906 0.504391 0.046437 0.035902 
3 0.279664 0.694016 0.101984 0.056276 
3 0.233812 0.582037 0.100188 0.048056 
3 0.433539 0.528138 0.086359 0.030515 
3 0.279562 0.702096 0.109281 0.060492 
3 0.381883 0.503197 0.043016 0.014778 
0 0.760445 0.569707 0.308141 0.337073 
