6 0.581958 0.200836 0.020292 0.044609 
6 0.658667 0.091602 0.016583 0.045328 
6 0.428927 0.196453 0.028479 0.050969 
6 0.751552 0.203531 0.013854 0.044938 
0 0.372500 0.700531 0.241708 0.505219 
0 0.269865 0.486039 0.147979 0.199609 
0 0.913854 0.174156 0.161792 0.101125 
0 0.920198 0.088664 0.151104 0.168891 
0 0.512698 0.114305 0.104104 0.218109 
0 0.390698 0.110117 0.156104 0.215016 
0 0.738594 0.177000 0.160188 0.103969 
0 0.663125 0.105008 0.138375 0.185703 
0 0.583562 0.175172 0.154083 0.124313 
0 0.417417 0.173422 0.144125 0.121625 
0 0.764062 0.107586 0.131667 0.186266 
6 0.872604 0.033602 0.029375 0.066047 
