7 0.322760 0.674729 0.491960 0.620964 
7 0.118890 0.658373 0.235180 0.445181 
7 0.173880 0.423494 0.344880 0.217651 
7 0.296410 0.355377 0.190300 0.147560 
7 0.736820 0.348389 0.137080 0.184970 
7 0.697380 0.279895 0.117720 0.143524 
7 0.733360 0.220723 0.075880 0.054880 
7 0.553950 0.268916 0.165620 0.074398 
7 0.834510 0.341009 0.081420 0.195633 
7 0.549050 0.482440 0.267020 0.397831 
7 0.807890 0.250271 0.099700 0.095301 
0 0.464800 0.896627 0.484960 0.202229 
0 0.738090 0.449623 0.050500 0.101958 
7 0.552140 0.243479 0.100600 0.061596 
7 0.405200 0.323976 0.109560 0.103735 
7 0.643000 0.280120 0.462000 0.198795 
