0 0.510133 0.462833 0.141891 0.491000 
0 0.653492 0.483635 0.159141 0.566604 
0 0.240930 0.295729 0.037422 0.141833 
0 0.212125 0.294615 0.032469 0.137854 
0 0.737852 0.291000 0.035047 0.107458 
0 0.758680 0.293271 0.023859 0.081375 
0 0.714305 0.256896 0.013516 0.023250 
2 0.970508 0.676271 0.058984 0.158417 
2 0.938141 0.871490 0.046938 0.106021 
2 0.963250 0.612260 0.064094 0.092688 
2 0.970711 0.957146 0.052141 0.079750 
2 0.974000 0.876521 0.026750 0.056833 
0 0.010547 0.301625 0.021094 0.080583 
