3 0.950734 0.628560 0.082937 0.271405 
3 0.923109 0.597494 0.071281 0.272927 
3 0.875609 0.572225 0.103531 0.307635 
3 0.802414 0.432904 0.034797 0.208618 
3 0.945289 0.173478 0.109422 0.343817 
3 0.654617 0.236042 0.023266 0.135550 
3 0.827297 0.122623 0.054656 0.245246 
3 0.797242 0.113770 0.056828 0.224215 
3 0.716273 0.074415 0.030922 0.148829 
3 0.713242 0.302354 0.039641 0.154824 
3 0.773297 0.092658 0.031656 0.185316 
3 0.444813 0.297600 0.033625 0.231265 
3 0.780187 0.376323 0.061656 0.187916 
0 0.540344 0.392600 0.289938 0.730867 
3 0.660156 0.419204 0.676562 0.838407 
