4 0.234270 0.641573 0.249420 0.375307 
0 0.822470 0.628080 0.347180 0.716853 
3 0.272090 0.309547 0.009860 0.076000 
3 0.200520 0.341373 0.009440 0.066373 
3 0.179890 0.333360 0.032820 0.095200 
3 0.256480 0.312773 0.011480 0.072907 
3 0.201350 0.333267 0.027340 0.102693 
3 0.386830 0.975853 0.087820 0.048293 
3 0.279250 0.303880 0.007100 0.071813 
3 0.262620 0.311320 0.011120 0.075333 
3 0.345520 0.291160 0.006320 0.064400 
3 0.289570 0.303213 0.010900 0.073893 
3 0.225170 0.337507 0.011180 0.066853 
3 0.311230 0.301840 0.005700 0.071733 
3 0.303490 0.300813 0.010340 0.072880 
5 0.352170 0.336333 0.040620 0.029627 
5 0.302260 0.350920 0.055920 0.036667 
3 0.600000 0.569333 0.796000 0.802667 
3 0.600000 0.569333 0.796000 0.802667 
3 0.600000 0.569333 0.796000 0.802667 
