0 0.289367 0.695761 0.179922 0.577518 
0 0.376977 0.687471 0.215422 0.603138 
0 0.619102 0.550667 0.354641 0.878384 
0 0.550734 0.744368 0.103688 0.488735 
5 0.459102 0.599637 0.057172 0.058993 
3 0.902008 0.716967 0.124109 0.148829 
3 0.894852 0.594309 0.154578 0.140047 
3 0.764445 0.692810 0.010141 0.058923 
3 0.801219 0.570726 0.030500 0.085527 
3 0.764617 0.759789 0.019984 0.048103 
3 0.757914 0.691218 0.009891 0.059625 
3 0.810602 0.711920 0.005109 0.055691 
3 0.909180 0.814368 0.076328 0.076464 
