3 0.456557 0.856836 0.030258 0.111641 
3 0.578642 0.854664 0.047400 0.099391 
3 0.667084 0.849187 0.036979 0.100906 
3 0.617354 0.853070 0.038173 0.098328 
3 0.481030 0.861438 0.026511 0.101063 
3 0.521183 0.859258 0.022881 0.091578 
3 0.362998 0.861047 0.033817 0.118500 
3 0.423396 0.857633 0.021686 0.110703 
3 0.338407 0.863000 0.035738 0.131812 
3 0.387564 0.860602 0.029930 0.111297 
3 0.439590 0.859195 0.026159 0.107359 
3 0.501194 0.856898 0.032974 0.101547 
3 0.539098 0.857867 0.037916 0.098922 
3 0.519906 0.849219 0.407494 0.117188 
