3 0.583133 0.179167 0.018547 0.112833 
3 0.662844 0.176302 0.028313 0.116229 
3 0.698664 0.177375 0.020328 0.108417 
3 0.736359 0.170781 0.025406 0.126438 
3 0.756164 0.181229 0.024953 0.110542 
3 0.801820 0.187646 0.017359 0.121750 
3 0.816602 0.176292 0.020016 0.103292 
3 0.897125 0.185302 0.015875 0.101479 
3 0.924437 0.185021 0.025281 0.101125 
3 0.600844 0.174906 0.018531 0.107854 
3 0.683055 0.175448 0.018391 0.110313 
3 0.613578 0.176885 0.011594 0.111646 
3 0.832414 0.180927 0.014703 0.099896 
3 0.848500 0.182563 0.029437 0.103583 
4 0.879258 0.328313 0.169984 0.201792 
3 0.657812 0.181250 0.275000 0.166667 
