6 0.503805 0.372093 0.045203 0.019037 
6 0.699727 0.425852 0.027516 0.078444 
6 0.389898 0.318583 0.023953 0.029907 
0 0.298633 0.596630 0.377328 0.609000 
0 0.510047 0.426972 0.204781 0.404500 
0 0.400602 0.387361 0.164672 0.436833 
0 0.204742 0.389954 0.051422 0.139944 
0 0.118297 0.497009 0.137125 0.266241 
0 0.964023 0.570389 0.071953 0.209074 
0 0.647414 0.463981 0.350734 0.414074 
0 0.166305 0.408065 0.049547 0.101981 
6 0.208445 0.411000 0.012547 0.016889 
6 0.071828 0.237481 0.016063 0.011185 
0 0.861063 0.535231 0.127281 0.318056 
0 0.069266 0.231704 0.082781 0.092519 
0 0.953000 0.418324 0.042906 0.056833 
