0 0.447477 0.553927 0.362359 0.856188 
0 0.688344 0.561937 0.207781 0.876125 
3 0.233336 0.575667 0.019391 0.061958 
3 0.191867 0.574417 0.135172 0.070708 
0 0.574844 0.750938 0.077656 0.338750 
5 0.639828 0.691792 0.034625 0.045708 
5 0.061703 0.701469 0.039281 0.018729 
5 0.079156 0.699917 0.033531 0.018750 
3 0.137766 0.662948 0.011750 0.078396 
3 0.158477 0.673594 0.008797 0.098896 
3 0.161672 0.821021 0.026500 0.089417 
3 0.192234 0.667698 0.059719 0.108146 
3 0.251594 0.649729 0.008687 0.039708 
3 0.173992 0.810594 0.063109 0.107104 
0 0.795508 0.593990 0.019578 0.153812 
5 0.317758 0.860698 0.076766 0.067604 
5 0.295375 0.924479 0.091312 0.072708 
3 0.213984 0.777406 0.022625 0.076021 
0 0.489703 0.779687 0.155844 0.395792 
4 0.024016 0.589125 0.048031 0.185875 
