7 0.702445 0.592681 0.123672 0.173441 
7 0.434812 0.733441 0.215500 0.200698 
7 0.746383 0.817182 0.219578 0.321696 
7 0.921078 0.836085 0.157844 0.251621 
7 0.942250 0.637095 0.115500 0.124115 
7 0.795617 0.500299 0.126109 0.100648 
7 0.203914 0.734239 0.184859 0.186933 
7 0.539352 0.448516 0.065672 0.081671 
7 0.575563 0.403416 0.060375 0.100499 
7 0.668742 0.498691 0.106641 0.109252 
7 0.630695 0.410885 0.042453 0.103267 
7 0.402266 0.468491 0.126188 0.176783 
7 0.200188 0.449264 0.078875 0.057830 
7 0.501563 0.431421 0.906250 0.219451 
7 0.501563 0.431421 0.906250 0.219451 
