7 0.806625 0.410085 0.386750 0.602993 
7 0.779828 0.170584 0.103219 0.153723 
0 0.443195 0.257689 0.108547 0.515377 
0 0.283578 0.263358 0.119781 0.523601 
0 0.639305 0.252810 0.101016 0.505620 
0 0.947859 0.101545 0.104281 0.196569 
0 0.062836 0.395706 0.125672 0.232190 
0 0.201117 0.259161 0.073641 0.414720 
0 0.843898 0.122603 0.102797 0.244428 
0 0.547664 0.258054 0.125547 0.507883 
0 0.764852 0.039319 0.080828 0.074161 
0 0.109281 0.255316 0.089500 0.296521 
0 0.024258 0.167689 0.038703 0.090754 
0 0.340102 0.073674 0.053609 0.147348 
0 0.388023 0.278175 0.056797 0.442190 
