7 0.322344 0.780885 0.189969 0.205729 
7 0.670328 0.761375 0.126906 0.241458 
7 0.872875 0.747500 0.201719 0.220708 
7 0.957180 0.686969 0.085641 0.191854 
7 0.501406 0.601115 0.051062 0.042063 
0 0.231656 0.501188 0.058906 0.170667 
0 0.330641 0.470302 0.038719 0.110979 
0 0.361625 0.463781 0.037281 0.079687 
7 0.726172 0.613656 0.075187 0.065854 
7 0.854695 0.637823 0.189203 0.069354 
7 0.375680 0.636615 0.093109 0.049313 
7 0.214883 0.625844 0.085953 0.042687 
7 0.659828 0.586094 0.035563 0.031729 
7 0.440562 0.585187 0.045125 0.047375 
7 0.378336 0.595031 0.037266 0.042146 
0 0.388406 0.479448 0.059062 0.048313 
0 0.989531 0.472625 0.020938 0.082917 
7 0.077055 0.720646 0.154109 0.200583 
7 0.500000 0.664583 0.996875 0.412500 
7 0.500000 0.664583 0.996875 0.412500 
