4 0.725073 0.811797 0.331892 0.193250 
0 0.325146 0.394148 0.326632 0.677922 
3 0.908493 0.572047 0.017734 0.085938 
3 0.147651 0.502523 0.021331 0.092641 
3 0.121975 0.286727 0.016091 0.081641 
3 0.078212 0.285672 0.023285 0.080531 
3 0.804667 0.284820 0.033576 0.081359 
3 0.876476 0.477055 0.019272 0.077172 
3 0.902557 0.689227 0.019459 0.079797 
3 0.839667 0.097914 0.019626 0.068297 
3 0.825873 0.482266 0.020728 0.065844 
3 0.084262 0.612734 0.036258 0.091906 
3 0.886247 0.291055 0.019231 0.071047 
3 0.075395 0.066898 0.023888 0.077766 
3 0.870270 0.389055 0.018129 0.072547 
3 0.509356 0.332813 0.760915 0.562500 
