4 0.116875 0.380271 0.176563 0.246625 
5 0.730039 0.561604 0.040672 0.019250 
3 0.585133 0.443396 0.014234 0.062458 
3 0.561039 0.366823 0.007922 0.055313 
3 0.315688 0.498740 0.008219 0.062354 
3 0.326656 0.495469 0.012687 0.065104 
5 0.701781 0.557813 0.024031 0.025583 
3 0.598711 0.442490 0.019828 0.065646 
3 0.543195 0.364531 0.013984 0.065812 
3 0.559289 0.445604 0.016266 0.063500 
3 0.316914 0.421969 0.117047 0.080979 
3 0.518047 0.457146 0.012719 0.062167 
3 0.351617 0.494167 0.009984 0.057458 
3 0.306859 0.500281 0.009125 0.068479 
3 0.517297 0.538792 0.007687 0.057667 
2 0.878102 0.449958 0.081172 0.058875 
2 0.869477 0.483375 0.084359 0.068458 
3 0.351289 0.569458 0.046016 0.067417 
3 0.358594 0.571875 0.717187 0.852083 
