4 0.306742 0.277531 0.279766 0.379771 
0 0.686797 0.407302 0.102813 0.552813 
0 0.572187 0.866437 0.348875 0.235958 
5 0.731266 0.885219 0.026406 0.072396 
5 0.760445 0.809323 0.058016 0.039479 
5 0.645164 0.323208 0.025391 0.016292 
5 0.165891 0.060417 0.056563 0.017125 
3 0.097570 0.205292 0.070672 0.168625 
3 0.107797 0.245792 0.011813 0.087292 
3 0.115711 0.246396 0.012297 0.082833 
3 0.498406 0.473365 0.034531 0.051854 
3 0.071781 0.197719 0.060906 0.144187 
5 0.654977 0.349344 0.012984 0.015813 
