3 0.147830 0.534270 0.127180 0.094306 
3 0.148220 0.640053 0.175160 0.090854 
3 0.154830 0.664199 0.180100 0.089537 
3 0.135760 0.594377 0.248800 0.105623 
3 0.147760 0.551690 0.222280 0.128078 
4 0.276700 0.267669 0.259200 0.364875 
4 0.523480 0.228648 0.238680 0.289893 
3 0.148880 0.748470 0.186320 0.150178 
3 0.171940 0.799680 0.154480 0.080214 
3 0.809350 0.538452 0.035900 0.020036 
3 0.207220 0.919199 0.120920 0.101815 
3 0.803520 0.620267 0.065800 0.049075 
3 0.930760 0.654520 0.075040 0.053025 
3 0.228940 0.859804 0.136880 0.133060 
