4 0.301359 0.483888 0.179906 0.217986 
5 0.744727 0.705656 0.063047 0.029297 
3 0.112164 0.496311 0.019453 0.046253 
3 0.077359 0.496054 0.063062 0.018290 
3 0.140508 0.493794 0.032797 0.119672 
3 0.068258 0.473232 0.060203 0.026838 
3 0.078383 0.509953 0.073922 0.016862 
3 0.066883 0.448138 0.064891 0.030094 
3 0.155828 0.496897 0.018937 0.125644 
3 0.176820 0.506089 0.017453 0.097986 
3 0.129977 0.507248 0.026047 0.112623 
3 0.166367 0.498712 0.020797 0.114286 
3 0.082844 0.538817 0.082750 0.032763 
3 0.122250 0.502834 0.021563 0.107869 
3 0.042477 0.510831 0.011828 0.078665 
3 0.376562 0.603044 0.684375 0.269321 
3 0.376562 0.603044 0.684375 0.269321 
