0 0.594875 0.066523 0.045375 0.133046 
0 0.978672 0.108106 0.029625 0.139539 
0 0.463484 0.067004 0.041406 0.118818 
0 0.326484 0.062816 0.039281 0.107355 
0 0.639781 0.080261 0.029875 0.102605 
0 0.512687 0.070000 0.032781 0.118357 
0 0.377852 0.069168 0.032766 0.104509 
0 0.912555 0.115772 0.029703 0.100441 
0 0.952062 0.097184 0.034406 0.140661 
0 0.290313 0.070351 0.025656 0.098737 
0 0.938430 0.121152 0.023141 0.092926 
0 0.678914 0.073597 0.030953 0.138257 
6 0.958516 0.058307 0.001125 0.011122 
6 0.677641 0.032375 0.004750 0.028557 
0 0.901805 0.108627 0.025453 0.108236 
0 0.595312 0.083166 0.575000 0.150301 
