0 0.112227 0.613344 0.031578 0.123896 
0 0.279000 0.644406 0.044906 0.175146 
0 0.235437 0.608646 0.035187 0.119167 
0 0.214711 0.585552 0.016641 0.065646 
0 0.578477 0.567365 0.038234 0.053562 
0 0.566750 0.260688 0.048344 0.075250 
0 0.542438 0.566063 0.049562 0.060083 
0 0.151383 0.607438 0.033516 0.127625 
0 0.392023 0.277927 0.043547 0.046979 
0 0.680102 0.562073 0.029453 0.064729 
0 0.950695 0.558521 0.022828 0.080292 
0 0.721938 0.566208 0.042344 0.045500 
0 0.670227 0.298260 0.021453 0.040813 
6 0.570047 0.587698 0.004719 0.011396 
