4 0.554937 0.413906 0.248875 0.354271 
3 0.737336 0.113740 0.042234 0.182437 
3 0.834492 0.288750 0.073359 0.121292 
3 0.952969 0.683854 0.094063 0.125792 
3 0.305781 0.756760 0.161688 0.062729 
3 0.683375 0.856979 0.178594 0.074833 
3 0.713570 0.088229 0.028547 0.127500 
3 0.127703 0.601969 0.123156 0.041312 
3 0.132117 0.426760 0.140516 0.018146 
3 0.130250 0.533573 0.139375 0.026146 
3 0.143117 0.919958 0.135016 0.040458 
3 0.135633 0.718896 0.129922 0.029500 
3 0.764039 0.133271 0.013578 0.134292 
3 0.673375 0.098792 0.011187 0.135000 
