4 0.904641 0.615469 0.117531 0.142271 
3 0.599883 0.486333 0.007078 0.045208 
3 0.584242 0.542396 0.006859 0.042125 
3 0.618172 0.539813 0.004312 0.041250 
3 0.614352 0.533781 0.005984 0.026187 
3 0.608219 0.483823 0.004125 0.040813 
3 0.599414 0.542792 0.024016 0.048875 
5 0.611680 0.821615 0.036172 0.033688 
5 0.778023 0.546406 0.013266 0.011229 
3 0.569539 0.489750 0.012984 0.050125 
3 0.605133 0.484115 0.004359 0.041521 
3 0.611805 0.483688 0.002953 0.037875 
3 0.616422 0.484146 0.006313 0.041042 
3 0.581172 0.489542 0.005781 0.048833 
3 0.593539 0.488354 0.005359 0.044792 
3 0.577727 0.489552 0.004672 0.049271 
3 0.573438 0.658333 0.140625 0.370833 
3 0.573438 0.658333 0.140625 0.370833 
