7 0.594586 0.556635 0.015203 0.032800 
7 0.611430 0.557141 0.019641 0.032776 
7 0.632070 0.560565 0.021391 0.035624 
7 0.754266 0.564871 0.026250 0.045082 
7 0.696664 0.563035 0.034297 0.042682 
7 0.497844 0.538471 0.015625 0.022118 
7 0.551172 0.549765 0.024438 0.038588 
7 0.586500 0.554941 0.010312 0.028612 
7 0.651305 0.558353 0.018484 0.038635 
7 0.726586 0.563553 0.033047 0.048094 
7 0.897813 0.582624 0.048281 0.050424 
7 0.573305 0.552824 0.024203 0.037647 
7 0.968602 0.593106 0.042422 0.046682 
7 0.955469 0.600000 0.085938 0.089412 
7 0.955469 0.600000 0.085938 0.089412 
