3 0.600539 0.297766 0.033770 0.133281 
3 0.187295 0.298313 0.038150 0.137875 
3 0.190726 0.094930 0.048244 0.158391 
3 0.556136 0.107539 0.034005 0.134797 
3 0.375527 0.442055 0.023466 0.048828 
3 0.424883 0.294461 0.051265 0.153016 
3 0.750012 0.290070 0.037541 0.144922 
3 0.373642 0.105797 0.057307 0.136094 
3 0.292576 0.093688 0.051616 0.159000 
3 0.220141 0.298047 0.038173 0.139937 
3 0.283162 0.299586 0.026698 0.135391 
3 0.700105 0.301086 0.027002 0.130859 
3 0.753747 0.116289 0.038829 0.121266 
3 0.500000 0.433594 0.995316 0.848437 
