7 0.452414 0.632943 0.188672 0.203901 
7 0.150438 0.570650 0.154469 0.174539 
7 0.762133 0.598511 0.137203 0.155366 
7 0.450742 0.459220 0.060734 0.100567 
7 0.750039 0.443262 0.047266 0.100284 
7 0.818211 0.440839 0.049234 0.086596 
7 0.305953 0.470248 0.101094 0.088534 
7 0.639422 0.455591 0.048750 0.085981 
7 0.097586 0.418227 0.047797 0.072340 
7 0.239523 0.422955 0.069359 0.083877 
7 0.983031 0.445709 0.033937 0.073924 
7 0.355961 0.510910 0.103141 0.135248 
7 0.204453 0.480307 0.075875 0.127045 
