4 0.539320 0.385872 0.342760 0.396868 
5 0.533390 0.764199 0.325380 0.471459 
3 0.832040 0.383488 0.005720 0.097936 
3 0.840180 0.733221 0.019240 0.165516 
3 0.874040 0.378986 0.251920 0.107295 
3 0.818150 0.480658 0.003980 0.094128 
3 0.784270 0.732153 0.013740 0.159466 
3 0.801320 0.944573 0.021480 0.087651 
0 0.467940 0.810427 0.479600 0.379146 
3 0.827490 0.738772 0.018820 0.148078 
3 0.772040 0.728292 0.017040 0.151530 
3 0.889850 0.722883 0.014980 0.138149 
3 0.749720 0.480516 0.003400 0.092705 
3 0.797870 0.727918 0.017340 0.151495 
3 0.811940 0.734537 0.016760 0.154128 
0 0.583380 0.423345 0.042640 0.116157 
0 0.433050 0.439413 0.054540 0.169573 
3 0.819270 0.939093 0.016420 0.121815 
