7 0.852828 0.637529 0.276750 0.524473 
7 0.387164 0.679157 0.260016 0.383279 
7 0.169664 0.547424 0.196141 0.332600 
7 0.630289 0.594508 0.160641 0.305457 
7 0.712625 0.574415 0.099750 0.408314 
7 0.455969 0.420234 0.088375 0.091522 
7 0.826117 0.307576 0.071609 0.082365 
7 0.965297 0.287974 0.069406 0.087096 
7 0.569875 0.566768 0.141063 0.402998 
7 0.820383 0.248735 0.088766 0.057845 
7 0.383031 0.511956 0.121844 0.062787 
7 0.680938 0.342295 0.092031 0.093911 
7 0.069961 0.600059 0.139922 0.279415 
7 0.517969 0.256440 0.332813 0.166276 
