0 0.372469 0.611238 0.057313 0.215711 
0 0.641594 0.575490 0.045594 0.126814 
0 0.413852 0.567071 0.038016 0.107623 
0 0.838828 0.734400 0.047844 0.223750 
0 0.835695 0.615760 0.048016 0.158186 
0 0.934891 0.596875 0.027594 0.144681 
0 0.206141 0.412549 0.018500 0.034559 
0 0.346078 0.399191 0.016094 0.052598 
0 0.500539 0.414461 0.020516 0.031176 
0 0.971375 0.768480 0.039906 0.265882 
0 0.553508 0.411630 0.021828 0.058407 
0 0.521914 0.415588 0.023141 0.057745 
6 0.377469 0.556728 0.004406 0.028701 
0 0.231141 0.400000 0.022875 0.053039 
