4 0.460067 0.538230 0.495867 0.229340 
3 0.117027 0.329160 0.022160 0.077920 
3 0.124467 0.518740 0.011387 0.074920 
3 0.816867 0.541400 0.024187 0.068440 
3 0.110067 0.516530 0.023600 0.083420 
3 0.148707 0.516770 0.031173 0.088220 
3 0.834413 0.449840 0.032080 0.063960 
3 0.938653 0.456050 0.075120 0.058460 
3 0.142787 0.328620 0.026320 0.083360 
3 0.825760 0.347640 0.028693 0.065520 
3 0.829187 0.542940 0.017200 0.062280 
3 0.938080 0.359440 0.017813 0.055600 
3 0.899013 0.545270 0.015093 0.064460 
3 0.498667 0.393000 0.997333 0.386000 
3 0.498667 0.393000 0.997333 0.386000 
