4 0.521672 0.306396 0.512094 0.456542 
3 0.165945 0.099146 0.014047 0.111125 
3 0.125008 0.341083 0.018297 0.133917 
3 0.153305 0.527354 0.022516 0.150125 
3 0.173938 0.342260 0.018094 0.129146 
3 0.047031 0.527229 0.032625 0.136958 
3 0.095227 0.331896 0.021922 0.134833 
3 0.081508 0.097323 0.032016 0.117354 
3 0.068539 0.722854 0.013047 0.093167 
3 0.944219 0.565073 0.007844 0.084729 
3 0.952766 0.751052 0.035187 0.210687 
3 0.095516 0.536125 0.020469 0.127708 
3 0.124906 0.701854 0.016375 0.128333 
3 0.070109 0.308802 0.042875 0.190521 
3 0.105797 0.094281 0.013156 0.118521 
3 0.936250 0.564219 0.008719 0.082604 
3 0.917164 0.296479 0.018391 0.112292 
3 0.033391 0.080063 0.040406 0.158583 
3 0.499219 0.488542 0.998437 0.977083 
3 0.499219 0.488542 0.998437 0.977083 
