0 0.754594 0.548208 0.487219 0.881179 
0 0.222570 0.522476 0.409422 0.451698 
0 0.749578 0.531344 0.039531 0.089009 
3 0.595227 0.501993 0.025516 0.014741 
3 0.574016 0.502547 0.002312 0.015330 
3 0.594703 0.467017 0.023688 0.014646 
3 0.436391 0.500200 0.018438 0.013939 
3 0.099516 0.566274 0.003906 0.025519 
3 0.520070 0.495000 0.009828 0.020660 
3 0.136070 0.566191 0.025484 0.026344 
3 0.436578 0.525354 0.019469 0.035330 
3 0.103633 0.565436 0.003734 0.026533 
0 0.590945 0.529505 0.022859 0.047925 
