0 0.306789 0.656502 0.233641 0.686995 
0 0.704164 0.558803 0.306797 0.882394 
0 0.626047 0.568521 0.088813 0.448592 
0 0.847102 0.506667 0.082047 0.385681 
0 0.910180 0.763075 0.179641 0.444695 
0 0.433453 0.744577 0.100188 0.352113 
5 0.581055 0.416913 0.024703 0.045657 
5 0.208961 0.380411 0.016391 0.030962 
5 0.559500 0.816420 0.024375 0.022700 
5 0.585461 0.799237 0.029516 0.015235 
5 0.524187 0.797113 0.020781 0.018732 
5 0.705477 0.389061 0.035359 0.082160 
5 0.356109 0.481432 0.012125 0.017700 
