0 0.456840 0.563288 0.394160 0.873423 
5 0.920690 0.465826 0.062940 0.044084 
3 0.972920 0.905135 0.023840 0.163303 
3 0.931530 0.877102 0.021500 0.129760 
3 0.850350 0.872928 0.006900 0.065976 
3 0.878750 0.848318 0.034820 0.135916 
3 0.916360 0.871697 0.024080 0.140030 
3 0.846380 0.584655 0.019560 0.102763 
3 0.961120 0.601426 0.026320 0.068498 
3 0.950790 0.888859 0.031820 0.159399 
3 0.905140 0.887838 0.009040 0.089069 
3 0.900340 0.584670 0.006240 0.068799 
3 0.871820 0.584520 0.014640 0.090120 
5 0.974250 0.737943 0.051500 0.023994 
