4 0.528023 0.300677 0.201797 0.195062 
3 0.178477 0.282292 0.013734 0.054708 
3 0.190234 0.286969 0.012063 0.051438 
3 0.221648 0.284687 0.050609 0.059667 
3 0.174195 0.281469 0.027141 0.059187 
3 0.157203 0.513042 0.060469 0.015375 
3 0.679594 0.672927 0.040906 0.016938 
3 0.703047 0.309417 0.043094 0.045875 
3 0.699242 0.373635 0.039266 0.012771 
3 0.686656 0.564521 0.040750 0.043333 
5 0.399336 0.678250 0.030828 0.013083 
3 0.162867 0.375417 0.027484 0.012583 
3 0.206469 0.496812 0.007125 0.035542 
3 0.676648 0.658958 0.023297 0.006583 
3 0.227227 0.497312 0.006641 0.067917 
3 0.486719 0.298958 0.639062 0.452083 
3 0.486719 0.298958 0.639062 0.452083 
