0 0.370042 0.467359 0.740083 0.714719 
3 0.647219 0.761430 0.098188 0.063109 
3 0.872896 0.555063 0.076125 0.053094 
3 0.654354 0.776859 0.091833 0.055813 
3 0.956062 0.620461 0.082583 0.064547 
3 0.806823 0.634422 0.081438 0.077063 
3 0.941385 0.921930 0.098937 0.053016 
3 0.883417 0.567188 0.075708 0.053719 
3 0.881969 0.560656 0.082646 0.057437 
3 0.738552 0.351367 0.052229 0.041141 
3 0.946927 0.605484 0.106146 0.061313 
3 0.953792 0.792078 0.092417 0.089938 
3 0.840240 0.669859 0.080188 0.058375 
3 0.964271 0.633680 0.070625 0.060172 
3 0.526042 0.495313 0.943750 0.987500 
3 0.526042 0.495313 0.943750 0.987500 
