5 0.358688 0.811429 0.045250 0.025152 
5 0.450945 0.782026 0.108422 0.035761 
4 0.636602 0.124297 0.058078 0.113466 
4 0.693562 0.112834 0.050250 0.104543 
4 0.795234 0.090890 0.066031 0.121171 
3 0.178336 0.360808 0.014641 0.063817 
3 0.683078 0.326417 0.007219 0.060328 
3 0.439219 0.460831 0.007312 0.060023 
3 0.522172 0.453735 0.008469 0.066862 
3 0.498445 0.255527 0.128016 0.095925 
3 0.652922 0.233735 0.160938 0.088220 
3 0.653188 0.327201 0.021688 0.069672 
3 0.799641 0.315141 0.010625 0.061850 
3 0.749312 0.427471 0.021000 0.104356 
3 0.884234 0.196136 0.009375 0.075363 
3 0.802687 0.214286 0.006938 0.062061 
3 0.667422 0.444977 0.013500 0.081756 
4 0.529586 0.146698 0.075172 0.116768 
3 0.652391 0.453829 0.011469 0.059321 
3 0.505469 0.393443 0.139063 0.192037 
