4 0.436617 0.143821 0.281422 0.233712 
0 0.464797 0.758690 0.203437 0.482620 
3 0.823578 0.172566 0.005187 0.049410 
3 0.718891 0.088155 0.008344 0.061812 
3 0.747641 0.259094 0.009000 0.034214 
3 0.706313 0.169247 0.017938 0.062686 
3 0.767344 0.172282 0.107156 0.053384 
3 0.703914 0.084880 0.010078 0.064869 
3 0.725758 0.088417 0.007953 0.061550 
3 0.739211 0.094716 0.017234 0.043362 
3 0.752234 0.096310 0.011344 0.045895 
3 0.828016 0.172347 0.006469 0.050328 
3 0.712367 0.086648 0.008516 0.062729 
3 0.732758 0.089345 0.008328 0.059345 
3 0.859906 0.170862 0.016406 0.049585 
3 0.781250 0.221616 0.218750 0.189956 
3 0.781250 0.221616 0.218750 0.189956 
3 0.781250 0.221616 0.218750 0.189956 
