1 0.248102 0.610712 0.007266 0.020451 
1 0.267172 0.743229 0.030000 0.099444 
0 0.571516 0.548837 0.089938 0.470174 
0 0.535867 0.448160 0.045328 0.262708 
0 0.450508 0.480903 0.087984 0.382014 
0 0.354359 0.464410 0.036250 0.293056 
0 0.241562 0.426979 0.066094 0.345208 
0 0.142586 0.447187 0.054609 0.269653 
8 0.723391 0.436094 0.040938 0.232812 
0 0.684406 0.655712 0.130219 0.299965 
0 0.501672 0.523003 0.040563 0.163993 
0 0.765211 0.767153 0.077391 0.286944 
0 0.081344 0.540104 0.068281 0.171597 
0 0.285836 0.392483 0.031266 0.153854 
0 0.311563 0.376233 0.033375 0.181632 
