0 0.131633 0.603369 0.263266 0.770775 
0 0.698680 0.309812 0.192328 0.331831 
0 0.536984 0.401127 0.188469 0.595493 
0 0.398633 0.476397 0.249797 0.759554 
0 0.899523 0.427934 0.200953 0.515775 
2 0.532883 0.812089 0.238109 0.156009 
2 0.581859 0.653932 0.119656 0.211244 
2 0.553133 0.576749 0.058828 0.119930 
2 0.636609 0.576538 0.116156 0.240211 
2 0.866055 0.597089 0.138016 0.151127 
2 0.448156 0.703486 0.127250 0.235282 
2 0.357883 0.892840 0.192422 0.181502 
2 0.831219 0.638991 0.107875 0.124789 
2 0.957461 0.786338 0.084859 0.321737 
2 0.489867 0.930974 0.306641 0.136174 
0 0.032867 0.932101 0.065734 0.106174 
2 0.591961 0.526279 0.036359 0.055610 
2 0.839133 0.518674 0.087703 0.054437 
0 0.154695 0.249777 0.087422 0.093263 
0 0.961562 0.801937 0.075563 0.224108 
2 0.539969 0.643979 0.066969 0.087066 
2 0.217969 0.767606 0.217188 0.450704 
