3 0.233563 0.178750 0.028500 0.203083 
3 0.547289 0.494917 0.014672 0.158458 
3 0.326367 0.192885 0.044047 0.208646 
3 0.744898 0.744698 0.011859 0.110354 
3 0.903352 0.714125 0.011422 0.144500 
3 0.907594 0.531990 0.010219 0.139646 
3 0.924484 0.192437 0.151031 0.190917 
3 0.584906 0.071354 0.024406 0.139875 
3 0.209875 0.178854 0.029687 0.187583 
3 0.527367 0.487687 0.026109 0.177750 
3 0.389328 0.214604 0.043812 0.191000 
3 0.359828 0.202250 0.045500 0.202250 
3 0.642984 0.933958 0.017156 0.131083 
3 0.500000 0.498958 0.996875 0.997917 
3 0.500000 0.498958 0.996875 0.997917 
