0 0.942560 0.695813 0.114880 0.608373 
0 0.765100 0.616960 0.241320 0.764107 
0 0.274560 0.598920 0.398440 0.774533 
0 0.520150 0.607520 0.236260 0.783093 
5 0.617020 0.516987 0.089720 0.079627 
5 0.411630 0.757053 0.053740 0.047760 
3 0.853450 0.755040 0.024180 0.126027 
3 0.834240 0.754840 0.020280 0.115067 
3 0.849010 0.627747 0.012100 0.078853 
3 0.874290 0.761467 0.024660 0.121387 
3 0.859680 0.629253 0.008600 0.079787 
3 0.879690 0.627827 0.014220 0.097413 
3 0.839640 0.629147 0.010360 0.087147 
0 0.618240 0.763280 0.165800 0.471147 
0 0.102630 0.830987 0.202380 0.333600 
5 0.448900 0.663733 0.045320 0.041813 
3 0.864130 0.961253 0.036660 0.077493 
3 0.868180 0.632093 0.014760 0.083600 
5 0.575340 0.687293 0.029760 0.026853 
3 0.848480 0.865440 0.012280 0.057333 
3 0.864150 0.870587 0.020140 0.058187 
0 0.372980 0.657067 0.083920 0.202880 
