7 0.818354 0.571812 0.116625 0.055188 
7 0.137302 0.547813 0.064271 0.046750 
7 0.106573 0.544992 0.028896 0.036047 
7 0.199437 0.527156 0.039500 0.020563 
7 0.242552 0.553758 0.069687 0.048797 
7 0.323865 0.540078 0.072688 0.039219 
7 0.948188 0.532289 0.103625 0.048703 
7 0.833219 0.509266 0.079646 0.042281 
7 0.600177 0.470078 0.052062 0.022125 
7 0.955802 0.411531 0.074771 0.031250 
7 0.320771 0.565148 0.080417 0.056703 
7 0.178104 0.551984 0.060625 0.046719 
7 0.571167 0.569492 0.075125 0.052766 
7 0.488542 0.454688 0.977083 0.300000 
7 0.488542 0.454688 0.977083 0.300000 
