0 0.215641 0.626776 0.392469 0.746447 
0 0.364148 0.296353 0.113672 0.283059 
0 0.419953 0.256376 0.084906 0.248612 
0 0.716914 0.363224 0.195047 0.434965 
0 0.638281 0.287153 0.060969 0.207012 
0 0.796055 0.571600 0.404984 0.827153 
0 0.180992 0.267718 0.108172 0.136094 
0 0.593281 0.260294 0.083125 0.247741 
0 0.298562 0.361024 0.195813 0.399129 
1 0.606570 0.551365 0.052297 0.010824 
1 0.395672 0.612588 0.080625 0.014682 
1 0.595969 0.658765 0.016375 0.017859 
1 0.324703 0.799353 0.072625 0.040541 
1 0.573031 0.402635 0.034219 0.007718 
1 0.429836 0.433294 0.047859 0.006824 
1 0.469844 0.368471 0.024594 0.005506 
1 0.580641 0.486035 0.052750 0.023082 
1 0.566000 0.358471 0.039344 0.012847 
1 0.420711 0.468600 0.055641 0.009953 
0 0.088742 0.253129 0.087578 0.160282 
0 0.813820 0.289259 0.069984 0.199412 
