6 0.439539 0.507854 0.011203 0.077833 
6 0.772117 0.494271 0.023984 0.072042 
0 0.174266 0.661646 0.138969 0.491875 
0 0.309344 0.732146 0.301500 0.527500 
0 0.311297 0.517865 0.173437 0.230313 
0 0.436023 0.468552 0.121484 0.182771 
0 0.689320 0.730344 0.289891 0.516854 
0 0.781797 0.468500 0.155375 0.232708 
0 0.833242 0.415698 0.054922 0.133229 
0 0.940727 0.495510 0.118547 0.289896 
0 0.598320 0.464042 0.084266 0.123583 
0 0.910961 0.381500 0.028859 0.046708 
0 0.874258 0.411958 0.069172 0.127250 
6 0.877898 0.418479 0.011141 0.036542 
6 0.224672 0.590844 0.025344 0.059687 
