7 0.466860 0.769542 0.412480 0.439346 
7 0.674100 0.774575 0.196120 0.430000 
7 0.806130 0.744085 0.143460 0.391373 
7 0.864430 0.627974 0.120300 0.245229 
7 0.111870 0.808595 0.207940 0.352680 
7 0.232960 0.751618 0.136880 0.470948 
7 0.407250 0.587533 0.195940 0.091732 
0 0.369800 0.386993 0.116640 0.367712 
7 0.867020 0.498775 0.108840 0.113824 
7 0.713800 0.504379 0.069280 0.060784 
7 0.562670 0.551520 0.106660 0.110033 
7 0.051420 0.653807 0.084200 0.138595 
7 0.091520 0.563660 0.136400 0.116275 
7 0.925900 0.707026 0.135080 0.442549 
7 0.526000 0.555556 0.944000 0.254902 
7 0.526000 0.555556 0.944000 0.254902 
