0 0.531734 0.743823 0.399438 0.485396 
5 0.868094 0.950583 0.020906 0.057917 
3 0.724484 0.565208 0.006469 0.118333 
3 0.582516 0.552719 0.053781 0.025479 
3 0.665305 0.536552 0.016484 0.054646 
3 0.710320 0.563198 0.019734 0.120271 
3 0.730578 0.570177 0.007406 0.116729 
3 0.584203 0.424687 0.015500 0.069042 
3 0.616531 0.382510 0.008438 0.021896 
3 0.772305 0.564635 0.011578 0.127562 
3 0.751969 0.568688 0.037937 0.116583 
3 0.625047 0.103177 0.008969 0.048646 
3 0.616844 0.305615 0.021688 0.107188 
3 0.690453 0.087708 0.017250 0.072208 
3 0.741641 0.303271 0.013219 0.104833 
