4 0.168922 0.256760 0.280406 0.470729 
0 0.668258 0.594385 0.456734 0.788771 
5 0.425094 0.201073 0.038062 0.065396 
5 0.145094 0.596562 0.127375 0.029750 
3 0.558328 0.489625 0.020563 0.081083 
3 0.589125 0.658135 0.040844 0.015562 
3 0.583148 0.798094 0.013641 0.094979 
3 0.581969 0.645229 0.043562 0.016708 
3 0.539336 0.817281 0.021109 0.103521 
3 0.535992 0.698115 0.015328 0.085146 
3 0.572234 0.491583 0.015563 0.071167 
3 0.573758 0.801302 0.004141 0.094521 
3 0.569148 0.807385 0.011422 0.100604 
3 0.515430 0.831250 0.011203 0.100458 
3 0.576633 0.671063 0.065484 0.030000 
3 0.528687 0.579167 0.036250 0.070000 
5 0.083203 0.611333 0.092031 0.029125 
3 0.525922 0.823073 0.007406 0.096479 
3 0.545312 0.619792 0.193750 0.697917 
3 0.545312 0.619792 0.193750 0.697917 
3 0.545312 0.619792 0.193750 0.697917 
