3 0.741398 0.418809 0.009141 0.052571 
3 0.715680 0.504835 0.009297 0.046698 
3 0.698977 0.419399 0.006391 0.056061 
3 0.742469 0.503373 0.048094 0.062925 
3 0.713461 0.499752 0.019641 0.061014 
3 0.734180 0.587146 0.008859 0.064292 
3 0.708695 0.574080 0.024828 0.063396 
3 0.729922 0.584670 0.008188 0.064575 
3 0.382266 0.694045 0.029500 0.025590 
3 0.357156 0.643750 0.038781 0.076604 
3 0.462930 0.713502 0.078359 0.035401 
3 0.697125 0.498184 0.024125 0.062594 
3 0.705016 0.459823 0.027094 0.008325 
3 0.617969 0.503538 0.620313 0.455189 
3 0.617969 0.503538 0.620313 0.455189 
