2 0.287039 0.232265 0.277984 0.248239 
2 0.637977 0.466808 0.084234 0.144413 
2 0.733656 0.483298 0.141875 0.176080 
2 0.256539 0.751303 0.298141 0.463545 
2 0.162656 0.492653 0.101719 0.062770 
2 0.131172 0.367136 0.102625 0.102019 
2 0.108625 0.307899 0.059500 0.041948 
2 0.110148 0.398016 0.117391 0.089319 
2 0.838516 0.746761 0.307750 0.480516 
2 0.465836 0.354331 0.102016 0.129883 
2 0.771641 0.572207 0.146750 0.183146 
2 0.588187 0.407958 0.112031 0.162394 
2 0.556828 0.380023 0.097656 0.175915 
2 0.310156 0.383803 0.351562 0.241784 
2 0.310156 0.383803 0.351562 0.241784 
