0 0.345195 0.533361 0.080922 0.333841 
0 0.587727 0.606745 0.152922 0.534848 
0 0.481641 0.548419 0.081563 0.370328 
0 0.680648 0.613595 0.097766 0.458571 
0 0.748687 0.576101 0.106281 0.405035 
0 0.654219 0.531124 0.070469 0.377518 
0 0.543188 0.594555 0.057031 0.394731 
0 0.410336 0.565867 0.060703 0.419508 
0 0.165516 0.562201 0.086750 0.396721 
0 0.426547 0.610105 0.073469 0.447190 
6 0.487375 0.482787 0.025156 0.106557 
0 0.055297 0.449918 0.031969 0.115621 
0 0.015492 0.452600 0.027078 0.110632 
0 0.077602 0.413244 0.019703 0.069391 
0 0.579688 0.512881 0.296875 0.327869 
0 0.579688 0.512881 0.296875 0.327869 
0 0.579688 0.512881 0.296875 0.327869 
