0 0.713742 0.657745 0.014859 0.085404 
0 0.719570 0.873415 0.038109 0.131851 
0 0.798570 0.873596 0.035297 0.134553 
0 0.760023 0.694957 0.020641 0.089702 
0 0.482953 0.585511 0.005687 0.042596 
0 0.695406 0.942021 0.025312 0.096894 
0 0.677172 0.954340 0.025562 0.084255 
0 0.653070 0.936202 0.028297 0.059553 
0 0.637391 0.913702 0.019281 0.054638 
0 0.543672 0.813553 0.018844 0.035191 
0 0.562195 0.795638 0.013516 0.063447 
0 0.541687 0.826787 0.028781 0.029404 
6 0.719531 0.835330 0.002469 0.013128 
0 0.521047 0.845926 0.019187 0.045170 
0 0.359375 0.551064 0.715625 0.893617 
0 0.359375 0.551064 0.715625 0.893617 
0 0.359375 0.551064 0.715625 0.893617 
