0 0.720688 0.426177 0.225219 0.817063 
0 0.800844 0.565177 0.398312 0.847187 
0 0.635992 0.436833 0.137109 0.507750 
0 0.184117 0.576573 0.358109 0.822062 
0 0.111242 0.247333 0.188766 0.332583 
1 0.725625 0.870302 0.062062 0.139729 
1 0.592953 0.881625 0.046469 0.092292 
1 0.612852 0.745510 0.021172 0.081646 
1 0.487789 0.669979 0.075797 0.075417 
1 0.467852 0.844781 0.084672 0.043021 
1 0.311336 0.781708 0.026047 0.047583 
0 0.468961 0.298875 0.095641 0.310958 
0 0.412086 0.305823 0.044828 0.085187 
0 0.359758 0.316083 0.064734 0.076958 
0 0.014328 0.331458 0.028656 0.226958 
0 0.202023 0.204417 0.041109 0.133750 
0 0.446008 0.189167 0.025484 0.036667 
0 0.044867 0.524219 0.089734 0.182854 
