2 0.186234 0.494385 0.369094 0.984271 
2 0.304055 0.254500 0.243234 0.497750 
2 0.589609 0.499240 0.467125 0.998479 
2 0.751539 0.477260 0.384547 0.946271 
2 0.904492 0.408990 0.191016 0.808979 
2 0.950000 0.238771 0.100000 0.467417 
2 0.965078 0.119125 0.069844 0.238250 
2 0.412008 0.496104 0.360391 0.981833 
6 0.634687 0.435708 0.123094 0.240917 
6 0.787234 0.414927 0.114312 0.129062 
6 0.876227 0.450167 0.067141 0.166208 
6 0.409586 0.542312 0.142828 0.226708 
6 0.152922 0.625979 0.212344 0.332458 
