4 0.181414 0.386511 0.140922 0.193255 
0 0.753047 0.604590 0.157562 0.464918 
0 0.323570 0.517084 0.133172 0.399227 
0 0.241328 0.729824 0.350562 0.540351 
3 0.611992 0.246780 0.003547 0.054590 
3 0.613305 0.317283 0.005703 0.058314 
3 0.608102 0.318888 0.006453 0.055480 
3 0.863680 0.266335 0.065891 0.033794 
3 0.910344 0.329087 0.039313 0.033208 
3 0.728687 0.180902 0.054031 0.015386 
3 0.859148 0.103513 0.052797 0.011569 
3 0.621172 0.447377 0.075844 0.032787 
3 0.506180 0.531511 0.039453 0.012810 
3 0.483211 0.550258 0.031891 0.019625 
3 0.886047 0.288478 0.092281 0.044731 
3 0.857609 0.293888 0.073969 0.037799 
3 0.867703 0.239215 0.062813 0.030328 
3 0.762500 0.223653 0.371875 0.400468 
3 0.762500 0.223653 0.371875 0.400468 
