0 0.672667 0.633710 0.500373 0.431460 
0 0.290640 0.521790 0.581280 0.829220 
5 0.839773 0.628450 0.119120 0.124580 
3 0.880547 0.126800 0.020987 0.074720 
3 0.872853 0.232940 0.028160 0.094200 
3 0.928600 0.239810 0.015867 0.080740 
3 0.938213 0.234480 0.016000 0.091640 
3 0.907587 0.240830 0.031653 0.080260 
3 0.966360 0.359200 0.022960 0.076520 
3 0.938587 0.357290 0.015147 0.068500 
3 0.951320 0.357040 0.023387 0.071000 
3 0.923867 0.356160 0.020480 0.070920 
3 0.933307 0.444350 0.035840 0.017180 
3 0.965733 0.227200 0.045813 0.096440 
3 0.747480 0.235340 0.009093 0.088080 
3 0.832040 0.438780 0.020453 0.079760 
3 0.836000 0.332000 0.322667 0.408000 
3 0.836000 0.332000 0.322667 0.408000 
