4 0.657727 0.239844 0.167609 0.119646 
0 0.625148 0.558188 0.145203 0.384750 
0 0.672867 0.449167 0.092078 0.170375 
0 0.836797 0.606750 0.217406 0.269667 
0 0.893609 0.452604 0.051906 0.145542 
0 0.259578 0.379094 0.051281 0.061521 
0 0.228047 0.538281 0.125000 0.317563 
0 0.097977 0.681302 0.195953 0.518021 
0 0.158789 0.399625 0.070672 0.120458 
0 0.315242 0.433594 0.122547 0.169396 
0 0.030219 0.472260 0.060437 0.145104 
3 0.832820 0.447646 0.042453 0.051167 
3 0.967992 0.699427 0.064016 0.051646 
3 0.971422 0.731260 0.057156 0.045729 
3 0.226211 0.467854 0.073266 0.015542 
3 0.216414 0.503583 0.060797 0.014583 
3 0.726508 0.444875 0.060078 0.019167 
3 0.722281 0.409917 0.045875 0.010458 
3 0.926156 0.914750 0.129531 0.097792 
3 0.718938 0.528021 0.061625 0.028542 
3 0.724570 0.545021 0.080172 0.035625 
3 0.220805 0.455000 0.069953 0.019458 
3 0.218938 0.482573 0.062656 0.012396 
0 0.935563 0.528937 0.102563 0.263750 
3 0.499219 0.719792 0.998437 0.556250 
3 0.499219 0.719792 0.998437 0.556250 
