1 0.481687 0.587359 0.029208 0.017688 
3 0.139167 0.378055 0.009417 0.109109 
1 0.477063 0.570719 0.021042 0.016906 
1 0.417854 0.548641 0.057542 0.044688 
3 0.115229 0.374125 0.013917 0.116656 
3 0.104823 0.383117 0.009604 0.098422 
3 0.152813 0.376336 0.021000 0.112828 
3 0.221979 0.367781 0.055042 0.128219 
3 0.221094 0.375953 0.021562 0.113688 
3 0.127917 0.376641 0.009958 0.113719 
1 0.485573 0.582531 0.039438 0.024594 
1 0.426406 0.575000 0.026354 0.038531 
3 0.186313 0.376203 0.023083 0.114656 
3 0.167125 0.376617 0.016833 0.117484 
3 0.245594 0.387891 0.031688 0.083844 
