7 0.357297 0.559229 0.115875 0.115875 
7 0.330867 0.719021 0.156547 0.189250 
7 0.197477 0.591385 0.164109 0.162646 
7 0.086883 0.522073 0.124609 0.063938 
7 0.033484 0.663563 0.066125 0.070708 
7 0.078211 0.856333 0.156422 0.229125 
7 0.205680 0.786646 0.143109 0.178792 
7 0.335469 0.458927 0.119500 0.050646 
7 0.476930 0.683281 0.131828 0.146604 
7 0.411375 0.693969 0.147594 0.187937 
0 0.566297 0.438396 0.084187 0.311333 
7 0.036070 0.722812 0.072141 0.093958 
7 0.060828 0.672937 0.121656 0.196833 
7 0.155180 0.662656 0.131734 0.091521 
7 0.459898 0.538208 0.147078 0.143583 
7 0.347930 0.540750 0.217453 0.153875 
7 0.248852 0.539844 0.154078 0.092104 
7 0.236719 0.706250 0.470313 0.562500 
7 0.236719 0.706250 0.470313 0.562500 
