0 0.562414 0.529648 0.418828 0.912347 
3 0.339836 0.464120 0.125109 0.100305 
3 0.238297 0.360669 0.140031 0.099366 
3 0.706719 0.064531 0.084937 0.106948 
3 0.771266 0.107371 0.094594 0.054178 
3 0.726352 0.075657 0.085297 0.093662 
3 0.745750 0.081585 0.098156 0.087958 
3 0.759406 0.101385 0.095344 0.059624 
3 0.773555 0.163181 0.085016 0.052371 
3 0.801672 0.165012 0.095250 0.075610 
3 0.781195 0.120939 0.103078 0.036526 
3 0.650891 0.047582 0.025844 0.094413 
3 0.664086 0.052500 0.033859 0.105000 
3 0.686250 0.047735 0.029406 0.075563 
