7 0.464458 0.678859 0.205042 0.241438 
7 0.685354 0.364516 0.149958 0.096937 
7 0.625448 0.448789 0.135562 0.108203 
7 0.879344 0.309211 0.077687 0.059891 
7 0.360729 0.339422 0.156667 0.080719 
7 0.238740 0.389469 0.172938 0.045687 
7 0.062250 0.392273 0.121875 0.048172 
7 0.464125 0.313344 0.113333 0.050875 
7 0.346198 0.290375 0.090688 0.039344 
7 0.841771 0.362500 0.072500 0.072719 
7 0.938323 0.298961 0.080604 0.045984 
7 0.349156 0.377336 0.077896 0.036234 
7 0.961313 0.354070 0.077375 0.039391 
7 0.955208 0.383594 0.068750 0.032813 
7 0.955208 0.383594 0.068750 0.032813 
