6 0.295047 0.405750 0.051375 0.166719 
0 0.311234 0.419293 0.246563 0.541763 
0 0.477750 0.443386 0.257125 0.430401 
0 0.716656 0.378072 0.260969 0.495515 
0 0.234391 0.593255 0.468781 0.791012 
3 0.040781 0.179983 0.045750 0.086422 
3 0.069656 0.038770 0.040344 0.077190 
3 0.032188 0.047190 0.048281 0.076405 
0 0.317445 0.353220 0.234172 0.262531 
3 0.015398 0.181902 0.013453 0.092426 
3 0.020781 0.320113 0.040125 0.098901 
3 0.032945 0.326867 0.028109 0.095899 
3 0.018320 0.462007 0.026016 0.101047 
3 0.022930 0.463229 0.021047 0.087539 
