7 0.586883 0.574243 0.241422 0.347650 
7 0.045906 0.553420 0.049219 0.046893 
7 0.036578 0.500901 0.046594 0.054439 
7 0.182828 0.484961 0.029750 0.047206 
7 0.195898 0.452937 0.022297 0.038564 
7 0.364914 0.505836 0.055078 0.055222 
7 0.083437 0.620261 0.084031 0.141305 
7 0.443703 0.476841 0.036219 0.056031 
7 0.692383 0.406397 0.080609 0.099687 
7 0.680609 0.357937 0.049094 0.049974 
7 0.866969 0.355640 0.035656 0.077546 
7 0.581703 0.415339 0.031813 0.065144 
7 0.800750 0.388616 0.084094 0.094256 
7 0.163281 0.469974 0.207813 0.073107 
7 0.163281 0.469974 0.207813 0.073107 
