3 0.192844 0.729537 0.061187 0.032382 
3 0.772547 0.864168 0.079375 0.055633 
3 0.798211 0.834698 0.236891 0.129130 
0 0.111641 0.603507 0.064687 0.115784 
0 0.327336 0.602694 0.079266 0.119679 
0 0.529375 0.634830 0.122594 0.132571 
0 0.590187 0.652571 0.065344 0.241399 
0 0.615086 0.539726 0.050141 0.076805 
0 0.646836 0.527902 0.048203 0.065860 
0 0.664859 0.515577 0.036812 0.060113 
0 0.763188 0.662287 0.147750 0.167146 
0 0.749937 0.585217 0.100250 0.131645 
0 0.769922 0.538941 0.091406 0.121928 
0 0.879953 0.490359 0.043031 0.123327 
0 0.505188 0.537240 0.060906 0.081853 
3 0.218844 0.637552 0.053438 0.020246 
3 0.354797 0.651276 0.052219 0.044631 
3 0.070031 0.615567 0.052156 0.057977 
3 0.577391 0.617098 0.047344 0.026068 
3 0.926305 0.618667 0.098547 0.024745 
0 0.186742 0.568885 0.055828 0.076938 
0 0.393750 0.560491 0.703125 0.236295 
