6 0.721344 0.239883 0.099187 0.474159 
6 0.293047 0.410105 0.063125 0.608995 
6 0.670242 0.392535 0.062828 0.706939 
6 0.631938 0.398879 0.049594 0.680888 
6 0.591656 0.403832 0.070312 0.666495 
6 0.550031 0.392699 0.054094 0.604509 
6 0.525227 0.423598 0.094672 0.658411 
6 0.476391 0.383143 0.087156 0.532593 
6 0.397555 0.466998 0.138422 0.702220 
6 0.343398 0.430339 0.040578 0.582033 
6 0.083250 0.160701 0.088594 0.308692 
6 0.389008 0.310421 0.077922 0.375280 
6 0.495313 0.545561 0.481250 0.862150 
