0 0.835117 0.614567 0.161141 0.349883 
3 0.611461 0.464180 0.017828 0.063536 
3 0.596883 0.384555 0.159547 0.101663 
3 0.045781 0.675141 0.039375 0.104192 
3 0.021531 0.439801 0.009000 0.071077 
3 0.029836 0.546452 0.026828 0.093513 
3 0.057273 0.670796 0.050703 0.106932 
3 0.599250 0.469110 0.022531 0.051616 
3 0.077398 0.436089 0.013516 0.071382 
3 0.055297 0.541803 0.020469 0.099578 
3 0.052859 0.678794 0.033000 0.083349 
0 0.897945 0.611850 0.141141 0.200609 
3 0.573375 0.469906 0.014719 0.068337 
3 0.556555 0.475211 0.007859 0.063630 
0 0.695320 0.578630 0.132953 0.275621 
3 0.499219 0.569087 0.998437 0.384075 
3 0.499219 0.569087 0.998437 0.384075 
