7 0.762508 0.638516 0.145547 0.145164 
7 0.379875 0.465841 0.107531 0.054112 
7 0.373953 0.424346 0.101969 0.084533 
7 0.490484 0.462687 0.101031 0.105981 
7 0.522531 0.382804 0.098906 0.079486 
7 0.692188 0.457804 0.100219 0.109065 
7 0.613727 0.345269 0.049203 0.076706 
7 0.861492 0.458107 0.096922 0.134486 
7 0.690820 0.364136 0.048172 0.079112 
7 0.531555 0.260105 0.033609 0.056238 
7 0.747352 0.337558 0.054641 0.075491 
7 0.805656 0.516238 0.109375 0.101075 
7 0.429313 0.367208 0.062250 0.082453 
0 0.077422 0.677500 0.154844 0.191963 
7 0.828281 0.597535 0.148031 0.102453 
7 0.500000 0.405374 0.996875 0.698598 
7 0.500000 0.405374 0.996875 0.698598 
