3 0.328445 0.343875 0.135266 0.152333 
3 0.297961 0.207917 0.011797 0.129208 
3 0.335969 0.031625 0.013062 0.063250 
3 0.318781 0.212010 0.007562 0.118771 
3 0.271367 0.209021 0.009203 0.131417 
3 0.308078 0.206302 0.007125 0.134521 
3 0.381734 0.188906 0.070375 0.133229 
3 0.300914 0.590917 0.038891 0.100750 
3 0.429961 0.192042 0.009953 0.129167 
3 0.274508 0.030062 0.020109 0.060125 
3 0.284812 0.205937 0.016969 0.133250 
3 0.427125 0.418510 0.012344 0.100896 
3 0.417859 0.419771 0.009062 0.103708 
3 0.415625 0.376042 0.281250 0.752083 
