4 0.101620 0.242267 0.203240 0.369099 
0 0.547120 0.430105 0.106000 0.490300 
0 0.835120 0.366291 0.110760 0.391021 
0 0.725080 0.582147 0.195360 0.286517 
0 0.958780 0.883483 0.082440 0.233033 
5 0.789170 0.376261 0.010460 0.022192 
3 0.172450 0.684850 0.096940 0.055285 
3 0.087280 0.704054 0.114000 0.049550 
3 0.121790 0.667492 0.094780 0.034685 
0 0.889750 0.577523 0.193060 0.359550 
3 0.020970 0.728138 0.041580 0.036276 
3 0.038060 0.681937 0.076120 0.053784 
3 0.193710 0.598138 0.054180 0.019459 
