6 0.293719 0.632646 0.059875 0.520047 
0 0.355336 0.526967 0.410797 0.946066 
0 0.122289 0.507459 0.240797 0.984426 
0 0.460539 0.329274 0.211828 0.377143 
0 0.476781 0.168337 0.266531 0.336674 
0 0.817172 0.507939 0.365656 0.984122 
0 0.631039 0.437084 0.141266 0.869672 
0 0.905609 0.137108 0.087031 0.269297 
0 0.958242 0.392646 0.083516 0.676862 
3 0.405555 0.588759 0.157422 0.179766 
0 0.369125 0.080609 0.076094 0.160749 
0 0.178023 0.122916 0.044422 0.136651 
0 0.775250 0.161007 0.100844 0.322014 
