3 0.174000 0.523771 0.004500 0.057833 
3 0.326969 0.369667 0.053938 0.105625 
3 0.262359 0.493073 0.011719 0.072646 
3 0.234953 0.701750 0.019813 0.103167 
3 0.317922 0.277448 0.028687 0.069521 
3 0.301891 0.375500 0.004594 0.079500 
3 0.242672 0.494198 0.012656 0.068354 
3 0.241469 0.693562 0.014406 0.090125 
3 0.213508 0.399490 0.018297 0.076188 
3 0.265992 0.288010 0.006828 0.059271 
3 0.323711 0.284188 0.005484 0.060708 
3 0.335648 0.279208 0.009672 0.065583 
3 0.354867 0.551771 0.012016 0.057417 
3 0.272656 0.506250 0.279687 0.620833 
3 0.272656 0.506250 0.279687 0.620833 
3 0.272656 0.506250 0.279687 0.620833 
