0 0.324375 0.206109 0.183042 0.119219 
0 0.519885 0.220148 0.066271 0.031516 
0 0.581313 0.212820 0.066125 0.053141 
0 0.072656 0.216359 0.035771 0.038375 
0 0.413208 0.205781 0.025208 0.028156 
0 0.479073 0.225570 0.044562 0.023016 
0 0.124708 0.215727 0.039750 0.067078 
0 0.404115 0.246773 0.040854 0.030234 
0 0.214667 0.238398 0.122417 0.049359 
0 0.179000 0.211367 0.018333 0.020891 
4 0.390115 0.165813 0.042146 0.020688 
4 0.077552 0.184375 0.021229 0.014781 
0 0.603490 0.418742 0.410521 0.640203 
0 0.568156 0.211820 0.017979 0.017297 
