3 0.568852 0.494844 0.042078 0.142354 
3 0.555453 0.473479 0.048344 0.168583 
3 0.607047 0.504198 0.034937 0.139771 
3 0.637922 0.505615 0.146625 0.148312 
3 0.537508 0.476563 0.052266 0.163083 
3 0.651063 0.406219 0.143531 0.074646 
3 0.849664 0.514042 0.022578 0.067167 
3 0.472633 0.437583 0.031672 0.069417 
4 0.145805 0.227417 0.291609 0.149125 
3 0.500492 0.454313 0.065047 0.101750 
3 0.702219 0.519552 0.029344 0.129021 
3 0.814516 0.504177 0.019094 0.066104 
3 0.878289 0.514656 0.021797 0.064437 
3 0.925469 0.513583 0.017344 0.042333 
3 0.492969 0.703125 0.932813 0.585417 
3 0.492969 0.703125 0.932813 0.585417 
