7 0.312312 0.646588 0.064875 0.109553 
7 0.928633 0.663424 0.120828 0.128118 
7 0.810477 0.660918 0.102328 0.122212 
7 0.729820 0.663965 0.061922 0.096353 
7 0.676453 0.652294 0.050438 0.122282 
7 0.392242 0.647588 0.057984 0.123835 
7 0.215336 0.639694 0.070297 0.108282 
7 0.075047 0.635447 0.080469 0.115647 
7 0.152031 0.642176 0.066125 0.103082 
7 0.450672 0.639882 0.033531 0.121318 
7 0.521109 0.639918 0.049688 0.129718 
7 0.484422 0.639365 0.046375 0.120565 
7 0.266492 0.640071 0.036797 0.098353 
7 0.500781 0.631765 0.879687 0.237647 
7 0.500781 0.631765 0.879687 0.237647 
