0 0.568406 0.636515 0.108500 0.162521 
0 0.714039 0.451684 0.090172 0.182903 
0 0.371148 0.559364 0.084828 0.131144 
0 0.185359 0.517278 0.047781 0.080784 
0 0.131781 0.553612 0.032781 0.102648 
0 0.058750 0.553750 0.068531 0.084534 
0 0.502297 0.528379 0.076344 0.101038 
0 0.477641 0.613761 0.041406 0.152309 
0 0.290836 0.552023 0.056734 0.097818 
0 0.424680 0.582956 0.040141 0.100911 
0 0.935375 0.540763 0.053781 0.121314 
6 0.887969 0.575773 0.004781 0.015530 
6 0.941516 0.625646 0.007562 0.050064 
6 0.701570 0.405244 0.004391 0.013199 
6 0.960313 0.623051 0.007594 0.008686 
0 0.985297 0.511112 0.029406 0.069131 
6 0.236086 0.510011 0.009547 0.013199 
6 0.422836 0.566324 0.001891 0.010826 
6 0.185531 0.523909 0.004281 0.015826 
6 0.128797 0.563655 0.003938 0.025064 
6 0.872023 0.542521 0.004391 0.012669 
0 0.233828 0.520307 0.057813 0.091886 
0 0.499219 0.570975 0.998437 0.252119 
0 0.499219 0.570975 0.998437 0.252119 
