0 0.490484 0.723528 0.059750 0.444167 
0 0.465969 0.693472 0.041906 0.294389 
0 0.546547 0.757889 0.107906 0.432444 
0 0.378367 0.606736 0.030859 0.201972 
3 0.034828 0.594625 0.026719 0.080417 
3 0.045039 0.671306 0.017797 0.083889 
3 0.057813 0.589139 0.021000 0.081889 
3 0.032953 0.934319 0.054937 0.045917 
3 0.056148 0.975333 0.063234 0.037056 
3 0.016664 0.677306 0.031266 0.079667 
3 0.009484 0.405847 0.016344 0.116806 
3 0.043219 0.298819 0.049938 0.103528 
3 0.038172 0.412292 0.047188 0.116139 
3 0.017719 0.520764 0.030187 0.066639 
3 0.022383 0.519833 0.034828 0.073722 
3 0.061789 0.665667 0.025703 0.101944 
3 0.030836 0.676167 0.032609 0.080000 
0 0.618477 0.759125 0.186578 0.471083 
3 0.314063 0.543056 0.628125 0.880556 
