0 0.334344 0.651686 0.119938 0.656159 
0 0.414195 0.646745 0.102984 0.662201 
0 0.840359 0.519098 0.211406 0.543817 
0 0.533000 0.631452 0.121438 0.705621 
0 0.167539 0.632283 0.143609 0.699555 
0 0.224602 0.592728 0.088578 0.600211 
0 0.079641 0.646393 0.159281 0.684684 
3 0.881516 0.819883 0.151562 0.063888 
0 0.021313 0.627330 0.042625 0.745340 
3 0.751805 0.803302 0.131328 0.067166 
3 0.939711 0.632119 0.040453 0.016183 
3 0.968320 0.563150 0.038172 0.040351 
3 0.976094 0.845117 0.047813 0.056511 
3 0.949984 0.651335 0.057844 0.033724 
3 0.950789 0.615785 0.048828 0.027213 
3 0.938344 0.667998 0.034844 0.011780 
