7 0.302234 0.761043 0.034344 0.041943 
7 0.430594 0.778720 0.041031 0.044123 
7 0.226859 0.694716 0.020563 0.024218 
7 0.359547 0.811908 0.050281 0.082773 
7 0.706781 0.861469 0.052750 0.061943 
7 0.293172 0.720533 0.025875 0.029076 
7 0.266883 0.715000 0.027766 0.022796 
7 0.192195 0.685415 0.021172 0.019076 
7 0.137422 0.708685 0.024281 0.020213 
7 0.571852 0.818685 0.057734 0.042156 
7 0.621406 0.810213 0.047281 0.077441 
7 0.012227 0.704858 0.022266 0.040569 
7 0.360953 0.757168 0.036875 0.031351 
7 0.537500 0.697867 0.900000 0.149289 
7 0.537500 0.697867 0.900000 0.149289 
