7 0.135343 0.589044 0.015490 0.013284 
7 0.217680 0.602124 0.021405 0.016732 
7 0.387394 0.599902 0.014820 0.011863 
7 0.467500 0.569158 0.016013 0.011520 
7 0.711789 0.675114 0.025964 0.020915 
7 0.588766 0.563268 0.015310 0.012353 
7 0.050474 0.600074 0.017124 0.015441 
7 0.784975 0.678962 0.020343 0.017533 
7 0.253448 0.595074 0.014444 0.013284 
7 0.683783 0.644534 0.023415 0.020016 
7 0.376552 0.628137 0.026699 0.015163 
7 0.633962 0.580613 0.011944 0.012402 
7 0.859011 0.588235 0.016127 0.020654 
7 0.459967 0.459150 0.916667 0.568627 
7 0.459967 0.459150 0.916667 0.568627 
