0 0.366258 0.662367 0.102016 0.505704 
0 0.497617 0.703325 0.116359 0.458010 
0 0.638547 0.697160 0.100687 0.485291 
0 0.856695 0.703095 0.109703 0.491626 
0 0.956219 0.682767 0.083906 0.498883 
0 0.488234 0.428095 0.137437 0.258422 
0 0.308688 0.390752 0.078344 0.187330 
0 0.115930 0.670243 0.110891 0.440728 
0 0.735859 0.690728 0.075687 0.445728 
0 0.067937 0.580231 0.067406 0.317403 
0 0.679500 0.580825 0.079937 0.267039 
6 0.502242 0.418095 0.014297 0.066626 
6 0.329219 0.401177 0.012250 0.091917 
6 0.088281 0.498143 0.006219 0.012209 
