6 0.213055 0.534760 0.076297 0.313974 
6 0.391289 0.399891 0.042484 0.224279 
0 0.170383 0.563013 0.200672 0.841266 
0 0.579234 0.621747 0.385094 0.756507 
0 0.921008 0.550677 0.157984 0.898646 
0 0.576531 0.340819 0.187437 0.406441 
0 0.360227 0.502991 0.199422 0.800000 
0 0.763852 0.327205 0.076078 0.217948 
0 0.451891 0.246059 0.077187 0.173035 
0 0.302953 0.274814 0.073281 0.214607 
0 0.651039 0.214443 0.036234 0.067664 
0 0.820820 0.315000 0.044672 0.233231 
0 0.600625 0.212948 0.012031 0.056812 
0 0.176633 0.540590 0.186766 0.918821 
0 0.861750 0.445906 0.066000 0.357664 
0 0.463281 0.570961 0.779687 0.831878 
