0 0.503430 0.658864 0.462260 0.653930 
0 0.874910 0.528837 0.243740 0.892112 
0 0.345060 0.372553 0.136920 0.207995 
0 0.365050 0.289733 0.045620 0.109412 
0 0.084420 0.424947 0.168840 0.291176 
5 0.307830 0.425187 0.037260 0.024171 
5 0.831110 0.433890 0.018940 0.072059 
0 0.491570 0.316404 0.037220 0.104840 
0 0.170420 0.297981 0.052520 0.064037 
0 0.622410 0.319893 0.077340 0.089358 
4 0.741560 0.283783 0.108960 0.121791 
4 0.605000 0.284519 0.107200 0.125989 
4 0.534940 0.249144 0.047240 0.054225 
5 0.505200 0.693182 0.047760 0.121818 
5 0.011040 0.504960 0.021480 0.046925 
5 0.508610 0.475307 0.049380 0.024572 
