0 0.718617 0.651150 0.007047 0.020751 
0 0.403125 0.602218 0.003969 0.026972 
0 0.384508 0.614190 0.007078 0.029836 
0 0.411070 0.613662 0.007734 0.023192 
0 0.431992 0.613016 0.006016 0.027300 
0 0.457445 0.550728 0.005234 0.019390 
0 0.245156 0.661890 0.007750 0.039554 
0 0.474961 0.607617 0.006234 0.020962 
0 0.426266 0.617559 0.004469 0.016901 
4 0.166672 0.336808 0.091812 0.148122 
4 0.419258 0.277195 0.108922 0.124671 
4 0.698250 0.161232 0.056844 0.087817 
0 0.503211 0.601819 0.007953 0.020728 
0 0.253555 0.665610 0.008922 0.053568 
4 0.757578 0.519390 0.047656 0.058920 
4 0.880750 0.324941 0.094812 0.132277 
0 0.523281 0.600833 0.005437 0.018333 
0 0.478906 0.623239 0.935937 0.434272 
