7 0.449023 0.839704 0.032953 0.074963 
7 0.408898 0.820568 0.040484 0.044000 
7 0.392492 0.801642 0.025328 0.033753 
7 0.352227 0.831247 0.029703 0.093852 
7 0.181914 0.844617 0.073703 0.101679 
7 0.214258 0.862321 0.031609 0.037037 
7 0.593367 0.844123 0.042453 0.092691 
7 0.606422 0.789593 0.036531 0.042000 
7 0.242391 0.798469 0.042625 0.049086 
7 0.229922 0.777136 0.035781 0.023309 
7 0.318930 0.760136 0.018734 0.020765 
7 0.551039 0.764185 0.020422 0.032272 
7 0.455320 0.793160 0.050422 0.039407 
7 0.368750 0.800000 0.571875 0.271605 
