0 0.542063 0.600211 0.212656 0.468732 
0 0.866758 0.458052 0.147766 0.259437 
3 0.653664 0.842700 0.173516 0.094366 
3 0.923789 0.475082 0.018203 0.040587 
3 0.222570 0.738157 0.015391 0.090023 
3 0.154734 0.668967 0.030406 0.044507 
3 0.322430 0.628462 0.042922 0.063028 
0 0.093680 0.703697 0.187359 0.567911 
3 0.389562 0.542453 0.016250 0.023122 
3 0.927852 0.409577 0.013891 0.042441 
3 0.929508 0.469366 0.010609 0.044648 
3 0.901859 0.480528 0.011000 0.042136 
3 0.541555 0.847899 0.046672 0.041009 
3 0.792406 0.783944 0.123188 0.027418 
3 0.622391 0.788850 0.088188 0.053474 
3 0.617969 0.548122 0.692187 0.457746 
