7 0.545914 0.497677 0.055641 0.060479 
7 0.328617 0.474865 0.056891 0.054688 
7 0.851102 0.472562 0.068359 0.077417 
7 0.438430 0.466010 0.030734 0.021479 
7 0.721695 0.461781 0.026359 0.034354 
7 0.180625 0.465844 0.047156 0.041646 
7 0.019312 0.276323 0.030312 0.020271 
7 0.615312 0.460698 0.040500 0.026646 
7 0.681242 0.382385 0.037172 0.029396 
7 0.745188 0.463292 0.023344 0.018792 
7 0.902688 0.272031 0.006719 0.011187 
7 0.608797 0.351729 0.026219 0.023208 
7 0.585070 0.456885 0.030391 0.019104 
7 0.546258 0.283677 0.030391 0.025354 
7 0.831250 0.362500 0.162500 0.237500 
7 0.831250 0.362500 0.162500 0.237500 
