7 0.639104 0.741922 0.451833 0.516156 
7 0.630844 0.576008 0.275354 0.168359 
7 0.588042 0.487734 0.158375 0.090875 
0 0.224719 0.485023 0.449437 0.566297 
7 0.847219 0.297898 0.050854 0.023609 
7 0.807240 0.318930 0.027979 0.022047 
7 0.921760 0.301328 0.026687 0.016594 
7 0.675542 0.343766 0.027708 0.008156 
7 0.856719 0.324547 0.057396 0.032969 
7 0.807865 0.288273 0.032521 0.017328 
7 0.820354 0.321508 0.028125 0.011328 
7 0.531854 0.440859 0.234708 0.108906 
7 0.982594 0.289047 0.034604 0.020000 
7 0.946458 0.278703 0.051250 0.032250 
