0 0.147398 0.524054 0.056578 0.212742 
0 0.045305 0.585390 0.060891 0.276407 
0 0.186273 0.535213 0.045984 0.195910 
0 0.079383 0.549031 0.058359 0.241513 
0 0.110445 0.465934 0.020828 0.088558 
0 0.163812 0.480307 0.021469 0.096927 
0 0.049930 0.439835 0.020797 0.033428 
6 0.144242 0.472541 0.008703 0.043664 
6 0.182898 0.475922 0.002578 0.012600 
0 0.831000 0.874161 0.331219 0.229220 
0 0.011258 0.581312 0.022516 0.244941 
0 0.095594 0.521844 0.045687 0.193853 
0 0.188758 0.432293 0.006516 0.010355 
0 0.024523 0.440733 0.032922 0.046241 
