2 0.708035 0.379273 0.072695 0.098109 
2 0.645350 0.470109 0.044156 0.064156 
2 0.381358 0.474906 0.065103 0.063750 
2 0.283107 0.473539 0.073498 0.074922 
2 0.330761 0.561016 0.076049 0.067406 
2 0.386183 0.558797 0.051708 0.065969 
2 0.431646 0.557594 0.055556 0.061562 
2 0.748405 0.613844 0.046481 0.059344 
2 0.812099 0.542484 0.033786 0.055844 
2 0.575566 0.135016 0.080556 0.094000 
2 0.262407 0.352898 0.120905 0.108828 
2 0.196934 0.353914 0.089218 0.102578 
2 0.446296 0.360773 0.098724 0.103453 
2 0.559671 0.496094 0.876543 0.992188 
