7 0.884852 0.496938 0.053297 0.074708 
7 0.790625 0.458854 0.042406 0.096333 
7 0.589625 0.508125 0.044344 0.069583 
7 0.509305 0.487917 0.054359 0.045625 
7 0.481055 0.490354 0.046516 0.045458 
7 0.345094 0.491302 0.046812 0.053021 
7 0.385023 0.488635 0.052141 0.049521 
7 0.163328 0.504510 0.064562 0.045604 
7 0.281805 0.480292 0.023703 0.014875 
7 0.193398 0.498500 0.059641 0.054708 
7 0.421578 0.488125 0.045656 0.038750 
7 0.064820 0.510281 0.031234 0.042104 
7 0.082461 0.510510 0.025766 0.034979 
7 0.447656 0.490625 0.835938 0.081250 
