0 0.367414 0.496635 0.289891 0.817979 
0 0.516570 0.716854 0.406172 0.480917 
0 0.839250 0.656667 0.321500 0.686583 
5 0.483570 0.677458 0.027859 0.039333 
3 0.750383 0.174115 0.113141 0.031729 
3 0.753656 0.220333 0.108187 0.038250 
3 0.692258 0.124917 0.098984 0.060458 
3 0.754891 0.162083 0.124344 0.031083 
3 0.585078 0.048427 0.071625 0.027813 
3 0.755672 0.183906 0.114875 0.030937 
3 0.751352 0.199833 0.112984 0.043042 
3 0.600070 0.039240 0.099578 0.027604 
3 0.600977 0.030073 0.091453 0.025146 
