0 0.594133 0.624135 0.205203 0.751729 
0 0.706930 0.591219 0.491547 0.779271 
5 0.519883 0.466583 0.042047 0.050583 
5 0.638523 0.748490 0.054672 0.048021 
3 0.924031 0.270490 0.035813 0.087312 
3 0.943742 0.553365 0.021203 0.054146 
3 0.950789 0.627021 0.014547 0.055667 
3 0.960500 0.697854 0.030687 0.058000 
3 0.963594 0.489292 0.013125 0.054625 
3 0.133766 0.667979 0.064469 0.006458 
3 0.038352 0.558740 0.070922 0.033271 
3 0.945000 0.345052 0.019906 0.055729 
3 0.919063 0.474500 0.021781 0.054208 
3 0.942773 0.485187 0.018641 0.054667 
3 0.935063 0.611417 0.023594 0.038208 
3 0.931758 0.679802 0.016484 0.064146 
3 0.133859 0.673552 0.065250 0.006479 
3 0.036758 0.605313 0.072109 0.027667 
3 0.536719 0.517708 0.882812 0.593750 
3 0.536719 0.517708 0.882812 0.593750 
