7 0.177047 0.529241 0.260125 0.460864 
7 0.338727 0.493797 0.188797 0.287126 
7 0.544023 0.434007 0.127703 0.239650 
7 0.754180 0.466379 0.116016 0.253318 
7 0.699664 0.384953 0.096359 0.215047 
7 0.816172 0.444591 0.058219 0.223715 
7 0.767938 0.356928 0.047625 0.051659 
7 0.768008 0.330993 0.032766 0.039696 
7 0.911641 0.411086 0.089875 0.197126 
7 0.826414 0.363143 0.056547 0.133575 
7 0.978547 0.440958 0.041438 0.187150 
7 0.627664 0.260397 0.021766 0.029673 
7 0.955500 0.371051 0.058688 0.100140 
7 0.508594 0.353972 0.748437 0.235981 
7 0.508594 0.353972 0.748437 0.235981 
