4 0.485135 0.056227 0.519562 0.107984 
5 0.483896 0.719102 0.572292 0.561797 
3 0.105094 0.203273 0.204729 0.026703 
3 0.116521 0.290719 0.157292 0.019875 
3 0.115469 0.178898 0.167563 0.048672 
3 0.105042 0.044680 0.158458 0.016234 
3 0.144083 0.084016 0.019667 0.064187 
3 0.164760 0.085586 0.030896 0.066328 
3 0.125479 0.084062 0.025458 0.066844 
3 0.185885 0.084664 0.021104 0.066547 
3 0.124802 0.273164 0.145729 0.022234 
3 0.120885 0.243164 0.146812 0.040328 
3 0.069604 0.085953 0.097458 0.066375 
