0 0.148047 0.596260 0.139125 0.658425 
0 0.274758 0.578061 0.150859 0.658366 
0 0.758984 0.481654 0.133094 0.353622 
0 0.900453 0.492776 0.115062 0.375748 
0 0.365437 0.431850 0.028875 0.190709 
0 0.039203 0.439213 0.051344 0.201693 
2 0.590211 0.198169 0.093359 0.178898 
2 0.657258 0.415758 0.074953 0.092500 
2 0.793039 0.148602 0.107328 0.145748 
2 0.308727 0.252254 0.089203 0.158012 
2 0.924367 0.155709 0.151266 0.201614 
2 0.968852 0.367815 0.062297 0.139409 
2 0.833937 0.445079 0.069656 0.073819 
