7 0.569852 0.683381 0.624703 0.253279 
7 0.836477 0.816130 0.214484 0.346232 
7 0.370391 0.827597 0.684688 0.322566 
7 0.736906 0.248157 0.359375 0.315784 
7 0.469844 0.250937 0.220938 0.306762 
7 0.350664 0.473075 0.437922 0.289695 
7 0.147664 0.656986 0.278828 0.148391 
7 0.943078 0.223758 0.113844 0.157413 
0 0.196539 0.291008 0.251703 0.370774 
7 0.171539 0.753564 0.339641 0.226965 
7 0.401508 0.429807 0.110672 0.095621 
7 0.905773 0.360845 0.129297 0.162912 
7 0.829711 0.353004 0.142578 0.148411 
7 0.903109 0.692475 0.193781 0.403768 
7 0.499219 0.498982 0.998437 0.997963 
