4 0.445830 0.467425 0.174140 0.157305 
0 0.779040 0.520913 0.341640 0.265180 
0 0.800220 0.774087 0.399560 0.364042 
3 0.221090 0.288054 0.033980 0.079581 
3 0.229920 0.381257 0.005080 0.060898 
3 0.233220 0.483353 0.005080 0.033533 
3 0.226490 0.376302 0.005620 0.063922 
3 0.241900 0.561078 0.005760 0.034491 
3 0.231390 0.445240 0.007220 0.033772 
3 0.237260 0.562365 0.004520 0.033473 
0 0.273820 0.831078 0.391160 0.308563 
5 0.971730 0.723683 0.056540 0.036467 
3 0.227060 0.530299 0.021560 0.034371 
3 0.216830 0.478907 0.009100 0.038293 
3 0.221490 0.568967 0.007500 0.044940 
3 0.227890 0.568847 0.006900 0.041946 
3 0.236740 0.448623 0.007840 0.030778 
3 0.227960 0.481647 0.004960 0.036826 
3 0.218000 0.465569 0.040000 0.260479 
