7 0.200281 0.618709 0.300094 0.368122 
7 0.363570 0.584131 0.068453 0.283709 
7 0.685570 0.624930 0.157078 0.337746 
7 0.880430 0.623134 0.239141 0.232465 
7 0.564969 0.529167 0.115937 0.272981 
7 0.477625 0.581819 0.091875 0.274343 
7 0.049281 0.672969 0.098562 0.334765 
7 0.314203 0.420423 0.204687 0.144085 
7 0.455656 0.493815 0.111406 0.240352 
7 0.720219 0.477523 0.103219 0.123592 
7 0.048016 0.464906 0.096031 0.161784 
7 0.269664 0.385904 0.087266 0.042559 
7 0.145773 0.454730 0.117984 0.095892 
7 0.289062 0.607981 0.321875 0.553991 
7 0.289062 0.607981 0.321875 0.553991 
