0 0.603047 0.443489 0.155625 0.270351 
0 0.380617 0.389321 0.195922 0.510023 
0 0.148430 0.641581 0.164922 0.635948 
0 0.658195 0.797904 0.305859 0.373044 
0 0.102695 0.397904 0.163422 0.269672 
1 0.407898 0.538407 0.023828 0.070726 
0 0.830617 0.493255 0.296859 0.905621 
0 0.910219 0.893384 0.177313 0.213232 
0 0.539000 0.229005 0.057375 0.395855 
0 0.113695 0.728817 0.224391 0.542365 
0 0.772375 0.528525 0.100781 0.338548 
0 0.275539 0.575316 0.249547 0.222342 
0 0.958508 0.773852 0.082984 0.190609 
1 0.719000 0.590913 0.020906 0.031616 
