0 0.412340 0.491866 0.241800 0.562299 
0 0.960610 0.439970 0.078780 0.603522 
0 0.166830 0.174030 0.104420 0.246866 
0 0.911220 0.153239 0.032760 0.082179 
0 0.715990 0.243045 0.066340 0.263701 
0 0.652440 0.232060 0.065480 0.284239 
0 0.499130 0.390597 0.191860 0.619701 
0 0.825790 0.182955 0.068780 0.123940 
0 0.786840 0.143970 0.041640 0.084537 
0 0.621430 0.175478 0.039020 0.126179 
0 0.312470 0.138791 0.024220 0.064627 
0 0.279120 0.154463 0.032520 0.089821 
2 0.246630 0.505388 0.093820 0.189463 
2 0.703660 0.631418 0.267160 0.562896 
0 0.737840 0.136731 0.017680 0.045821 
0 0.500000 0.156716 0.952000 0.158209 
0 0.500000 0.156716 0.952000 0.158209 
0 0.500000 0.156716 0.952000 0.158209 
