3 0.329500 0.640667 0.112680 0.187692 
3 0.108160 0.118462 0.097760 0.126051 
3 0.336160 0.512359 0.063120 0.112615 
3 0.927250 0.858923 0.115660 0.183692 
3 0.892710 0.663897 0.052100 0.133231 
4 0.109390 0.389000 0.142060 0.348667 
3 0.877650 0.631872 0.052740 0.140872 
3 0.343710 0.052051 0.025820 0.104103 
4 0.774850 0.542103 0.137420 0.322564 
3 0.910670 0.704718 0.058140 0.159897 
3 0.210520 0.093897 0.017520 0.075385 
3 0.296480 0.056615 0.017320 0.108718 
3 0.268870 0.073667 0.024140 0.078308 
3 0.232210 0.089128 0.011780 0.074667 
3 0.177670 0.098923 0.014060 0.044718 
