6 0.445008 0.751969 0.111391 0.376932 
0 0.418977 0.350761 0.327266 0.498527 
0 0.783461 0.557307 0.433078 0.853937 
3 0.694547 0.126763 0.018563 0.142174 
3 0.705883 0.117572 0.015828 0.163696 
3 0.634305 0.551341 0.020266 0.117754 
3 0.748523 0.112983 0.018484 0.158430 
3 0.763773 0.116365 0.025016 0.150072 
3 0.780164 0.115725 0.026453 0.155990 
3 0.633141 0.357367 0.038312 0.164203 
3 0.599211 0.535507 0.035984 0.136522 
3 0.695266 0.335314 0.024125 0.137246 
3 0.635938 0.347597 0.053000 0.163841 
3 0.642680 0.535169 0.053547 0.157536 
3 0.604281 0.368345 0.014969 0.152150 
1 0.911648 0.336751 0.025484 0.016739 
3 0.595375 0.366546 0.009687 0.149758 
0 0.378039 0.548043 0.450297 0.877923 
3 0.498437 0.333333 0.975000 0.666667 
3 0.498437 0.333333 0.975000 0.666667 
3 0.498437 0.333333 0.975000 0.666667 
