7 0.790188 0.895125 0.092375 0.094750 
7 0.874930 0.837875 0.067859 0.090500 
7 0.541859 0.595708 0.032438 0.023125 
7 0.195922 0.578156 0.027437 0.019688 
7 0.495086 0.596948 0.023141 0.014937 
7 0.290875 0.582187 0.032500 0.020458 
7 0.664664 0.548240 0.010109 0.008146 
7 0.304617 0.526021 0.013453 0.015792 
7 0.640648 0.562469 0.020672 0.019563 
7 0.209000 0.527813 0.012656 0.013292 
7 0.210031 0.515469 0.017625 0.013354 
7 0.198578 0.525083 0.010156 0.013958 
7 0.685297 0.518938 0.011687 0.012000 
