4 0.440010 0.604489 0.209540 0.197748 
3 0.814910 0.731276 0.008980 0.037688 
3 0.825460 0.639565 0.007960 0.040751 
3 0.828070 0.591847 0.007940 0.038949 
3 0.733900 0.699985 0.005360 0.034685 
3 0.588910 0.697673 0.070900 0.057447 
3 0.777560 0.546607 0.006960 0.035616 
3 0.750480 0.585165 0.010240 0.035315 
3 0.768080 0.628559 0.004720 0.033754 
3 0.810590 0.592583 0.010380 0.033093 
3 0.833160 0.640511 0.010200 0.038679 
4 0.250680 0.832583 0.237960 0.285405 
5 0.579530 0.857042 0.054300 0.072703 
3 0.826580 0.733093 0.004640 0.044865 
5 0.412930 0.883619 0.035780 0.046997 
5 0.630580 0.950931 0.079520 0.098138 
3 0.592950 0.626351 0.011380 0.023574 
3 0.910800 0.816321 0.033160 0.022973 
3 0.775000 0.645646 0.146000 0.264264 
