0 0.456922 0.385135 0.373312 0.763521 
3 0.147422 0.413385 0.019656 0.127021 
3 0.149453 0.224281 0.024125 0.106104 
3 0.324758 0.058146 0.005734 0.089750 
3 0.244312 0.374750 0.053031 0.141417 
3 0.118352 0.413292 0.049734 0.162333 
3 0.134039 0.223177 0.022047 0.105771 
3 0.185117 0.227156 0.029453 0.097479 
3 0.328242 0.205792 0.008984 0.052375 
3 0.089453 0.226406 0.015156 0.122229 
3 0.388227 0.073417 0.033453 0.086667 
3 0.130117 0.036437 0.009578 0.070250 
3 0.222609 0.384427 0.023125 0.131937 
3 0.268086 0.367844 0.037609 0.127646 
3 0.187500 0.341667 0.375000 0.683333 
3 0.187500 0.341667 0.375000 0.683333 
