7 0.662164 0.801574 0.007234 0.010086 
7 0.690570 0.807987 0.012984 0.012034 
7 0.687891 0.793544 0.007875 0.009358 
7 0.601016 0.798415 0.005687 0.009251 
7 0.713039 0.810707 0.006266 0.010321 
7 0.494391 0.797537 0.019125 0.011221 
7 0.679297 0.790985 0.009219 0.008608 
7 0.637820 0.807366 0.008359 0.009251 
7 0.539172 0.807666 0.006625 0.010193 
7 0.523523 0.810760 0.010234 0.008458 
7 0.508531 0.797752 0.005625 0.006338 
7 0.520500 0.791863 0.005719 0.007837 
7 0.483164 0.806392 0.007953 0.008501 
7 0.701930 0.810343 0.004359 0.010236 
7 0.831383 0.824690 0.006766 0.013490 
7 0.593750 0.797645 0.475000 0.074946 
7 0.593750 0.797645 0.475000 0.074946 
