0 0.091297 0.595410 0.080594 0.228993 
0 0.281953 0.586581 0.074219 0.234098 
0 0.415078 0.596522 0.057937 0.207752 
0 0.770117 0.569555 0.054609 0.244215 
0 0.844320 0.579742 0.066516 0.235831 
0 0.717102 0.590304 0.075828 0.227307 
0 0.343570 0.179953 0.030734 0.070539 
0 0.162383 0.582834 0.098922 0.242857 
0 0.526719 0.588302 0.078187 0.226909 
0 0.600875 0.586347 0.059969 0.248384 
6 0.765648 0.517974 0.007641 0.037635 
0 0.904602 0.579251 0.074047 0.254145 
0 0.318516 0.177026 0.048781 0.059672 
0 0.463422 0.589110 0.063656 0.223185 
