4 0.536805 0.241729 0.288203 0.334833 
3 0.376688 0.865917 0.352250 0.244958 
3 0.132305 0.793302 0.264234 0.220646 
3 0.318750 0.449302 0.155313 0.057896 
3 0.457805 0.276604 0.110672 0.049667 
3 0.344156 0.469792 0.146719 0.082167 
3 0.857008 0.405052 0.092797 0.101021 
3 0.465391 0.316260 0.151938 0.062563 
3 0.515508 0.362844 0.014297 0.076271 
3 0.527344 0.366385 0.013781 0.082896 
3 0.959164 0.380562 0.081672 0.062667 
2 0.666688 0.422448 0.086750 0.111021 
3 0.435242 0.397542 0.095266 0.141250 
