6 0.439359 0.403839 0.014969 0.065813 
6 0.579664 0.328536 0.011484 0.049957 
0 0.827180 0.547581 0.342547 0.412777 
0 0.757367 0.839328 0.485266 0.298872 
0 0.146008 0.712842 0.288766 0.554056 
0 0.692305 0.313547 0.065828 0.102321 
0 0.244422 0.476410 0.168344 0.337072 
0 0.514297 0.329664 0.077594 0.122191 
0 0.404727 0.393449 0.137828 0.216833 
0 0.189898 0.567148 0.197359 0.353731 
0 0.471156 0.352668 0.041750 0.148026 
0 0.767461 0.369859 0.096641 0.141020 
0 0.759414 0.351399 0.057266 0.128221 
6 0.818852 0.478351 0.009766 0.071627 
6 0.693156 0.341833 0.010125 0.065141 
1 0.270023 0.845813 0.026453 0.011323 
0 0.585750 0.311551 0.069719 0.121323 
0 0.351359 0.420260 0.168000 0.232278 
6 0.505117 0.346432 0.011922 0.033124 
6 0.759656 0.382082 0.012594 0.036486 
1 0.686477 0.733818 0.013828 0.015358 
0 0.780469 0.396963 0.154688 0.264642 
