7 0.186220 0.618542 0.052240 0.173356 
7 0.062810 0.628864 0.072380 0.238678 
7 0.519100 0.661169 0.172200 0.268237 
7 0.412400 0.573763 0.089440 0.136068 
7 0.605170 0.581186 0.123540 0.195932 
7 0.692640 0.516475 0.045400 0.053356 
7 0.773770 0.519780 0.063580 0.054203 
7 0.855300 0.536000 0.118800 0.181220 
7 0.105140 0.601831 0.121440 0.260271 
7 0.131270 0.483847 0.112820 0.092712 
7 0.377310 0.495136 0.064540 0.064915 
7 0.880760 0.532644 0.124720 0.168136 
7 0.580420 0.600220 0.071480 0.263898 
7 0.428000 0.615254 0.676000 0.355932 
7 0.428000 0.615254 0.676000 0.355932 
