1 0.706773 0.772342 0.032047 0.195644 
0 0.366680 0.372471 0.124547 0.493185 
0 0.727164 0.295504 0.224891 0.591007 
0 0.595945 0.385082 0.155641 0.403466 
0 0.239141 0.494379 0.472281 0.988759 
0 0.299594 0.286885 0.111125 0.327073 
0 0.436672 0.413185 0.130219 0.415504 
0 0.681633 0.198864 0.073609 0.110328 
0 0.291609 0.088759 0.124438 0.177518 
0 0.282906 0.677939 0.238000 0.644122 
6 0.703750 0.273126 0.030531 0.201194 
0 0.443039 0.325363 0.032578 0.084309 
0 0.624359 0.438267 0.168031 0.328384 
0 0.830953 0.496756 0.337938 0.987002 
