0 0.882305 0.597750 0.230891 0.804500 
0 0.693719 0.640281 0.433844 0.719437 
0 0.505414 0.455854 0.285766 0.329125 
0 0.213203 0.532583 0.267969 0.467417 
0 0.338094 0.370156 0.090312 0.195521 
0 0.395977 0.371583 0.083891 0.165542 
0 0.644633 0.268896 0.039703 0.072542 
1 0.385648 0.653958 0.038547 0.021167 
0 0.079227 0.255708 0.113609 0.134458 
0 0.622609 0.379438 0.068219 0.222042 
0 0.154891 0.364625 0.070906 0.215708 
0 0.055594 0.394958 0.091969 0.253167 
0 0.300930 0.304229 0.033359 0.052792 
0 0.275195 0.320990 0.040078 0.097813 
0 0.461719 0.513542 0.923438 0.635417 
0 0.461719 0.513542 0.923438 0.635417 
