0 0.084270 0.565160 0.168540 0.505627 
0 0.289600 0.477480 0.148720 0.445733 
0 0.419670 0.489893 0.256180 0.786507 
0 0.639610 0.447640 0.247740 0.582000 
0 0.797960 0.449333 0.196640 0.459360 
0 0.659390 0.162293 0.053740 0.061653 
0 0.166670 0.893827 0.333340 0.212347 
5 0.488450 0.326440 0.018460 0.042587 
5 0.630090 0.368853 0.020140 0.086667 
5 0.516090 0.416093 0.033260 0.045040 
5 0.213960 0.485867 0.058680 0.030027 
5 0.682320 0.445653 0.020120 0.028853 
0 0.566030 0.307253 0.108820 0.168267 
0 0.510800 0.532653 0.048680 0.147120 
