4 0.463479 0.427708 0.310125 0.357306 
3 0.775948 0.735556 0.038854 0.131500 
3 0.209823 0.355806 0.145563 0.022444 
3 0.451729 0.740833 0.194833 0.058500 
3 0.206167 0.253306 0.151667 0.032556 
3 0.853229 0.280694 0.009833 0.135278 
3 0.208333 0.292236 0.149208 0.025861 
3 0.893875 0.745903 0.014917 0.145528 
3 0.210271 0.312917 0.145333 0.025833 
3 0.831250 0.587403 0.008500 0.133750 
3 0.206417 0.416458 0.151667 0.015417 
3 0.883771 0.590806 0.009500 0.136556 
3 0.207021 0.492014 0.148708 0.025306 
3 0.201875 0.652167 0.156125 0.034222 
3 0.467708 0.608333 0.868750 0.705556 
3 0.467708 0.608333 0.868750 0.705556 
