0 0.550898 0.536608 0.164516 0.755704 
0 0.281953 0.530329 0.124156 0.597746 
0 0.777039 0.466197 0.096703 0.409202 
0 0.461383 0.397465 0.050766 0.242817 
0 0.412023 0.410775 0.076828 0.248638 
0 0.839008 0.441103 0.075703 0.392254 
0 0.918055 0.523146 0.132859 0.546291 
0 0.807438 0.276538 0.011156 0.031056 
6 0.862547 0.318427 0.009875 0.021690 
6 0.680984 0.293134 0.005437 0.011854 
0 0.667469 0.356878 0.051000 0.221737 
0 0.337766 0.383556 0.053531 0.272700 
0 0.888289 0.493603 0.064109 0.424343 
0 0.702609 0.428016 0.079531 0.345469 
