6 0.614100 0.613342 0.052920 0.216173 
0 0.538230 0.677156 0.438700 0.622474 
0 0.415210 0.909592 0.073380 0.180816 
0 0.244470 0.942334 0.022460 0.050587 
0 0.211090 0.934171 0.023780 0.069056 
0 0.180410 0.923278 0.014820 0.051148 
0 0.091670 0.927258 0.028980 0.110893 
0 0.135270 0.929834 0.039260 0.103342 
0 0.038430 0.925536 0.015540 0.059235 
0 0.239210 0.907296 0.008780 0.040510 
0 0.197200 0.920906 0.017000 0.055587 
0 0.056910 0.925625 0.015580 0.060638 
0 0.503730 0.937781 0.017340 0.028878 
0 0.028690 0.930548 0.006900 0.050842 
