2 0.664172 0.415410 0.037437 0.103091 
2 0.945266 0.398642 0.042938 0.115644 
3 0.923484 0.819672 0.092594 0.048618 
3 0.931977 0.865234 0.106609 0.027518 
3 0.673055 0.768033 0.051359 0.025855 
3 0.474273 0.391698 0.008797 0.046909 
3 0.484406 0.554052 0.012500 0.065995 
3 0.430070 0.399309 0.009391 0.044052 
3 0.469727 0.473829 0.016016 0.061475 
3 0.449070 0.473033 0.032797 0.060164 
3 0.415578 0.397810 0.020188 0.046815 
3 0.447969 0.396920 0.004844 0.040445 
3 0.459242 0.390878 0.009672 0.053513 
3 0.487445 0.467482 0.007953 0.074075 
3 0.469109 0.546077 0.013094 0.055761 
