4 0.366594 0.452021 0.215250 0.156958 
0 0.816688 0.620667 0.364469 0.758667 
0 0.521664 0.800708 0.217516 0.394750 
0 0.221977 0.749135 0.443953 0.479813 
5 0.602820 0.495177 0.055672 0.050479 
3 0.984219 0.550302 0.031563 0.086896 
3 0.391586 0.316156 0.006766 0.062687 
3 0.489664 0.283406 0.044641 0.012937 
3 0.306250 0.169698 0.009594 0.070271 
3 0.506086 0.320906 0.012922 0.065313 
3 0.992414 0.424917 0.015141 0.082917 
3 0.319844 0.170906 0.009406 0.069729 
3 0.413391 0.184240 0.008719 0.067104 
3 0.440094 0.046906 0.013094 0.067354 
3 0.959430 0.287156 0.015141 0.076021 
3 0.318344 0.313396 0.011562 0.068042 
0 0.705555 0.704937 0.185172 0.491375 
3 0.905352 0.504354 0.008859 0.029500 
5 0.479930 0.737083 0.013078 0.057542 
3 0.418008 0.318021 0.005953 0.066083 
3 0.627344 0.318750 0.742188 0.537500 
3 0.627344 0.318750 0.742188 0.537500 
