4 0.959461 0.603981 0.081078 0.197518 
5 0.763734 0.746253 0.047875 0.024403 
3 0.384758 0.195012 0.003766 0.024215 
3 0.386172 0.302237 0.032031 0.080773 
3 0.464195 0.322342 0.022297 0.006745 
3 0.391219 0.411780 0.173594 0.099578 
3 0.462562 0.280492 0.025531 0.014895 
3 0.726461 0.721487 0.076359 0.047939 
3 0.384906 0.514485 0.155625 0.112904 
3 0.332430 0.319426 0.014609 0.046347 
3 0.335977 0.318665 0.065641 0.047635 
3 0.366633 0.159391 0.005172 0.043888 
3 0.389594 0.296557 0.175125 0.094426 
3 0.377844 0.193934 0.009656 0.020000 
3 0.753797 0.581721 0.015406 0.036604 
3 0.378906 0.186183 0.192188 0.124122 
3 0.378906 0.186183 0.192188 0.124122 
