0 0.891937 0.590397 0.131375 0.435408 
0 0.984156 0.466556 0.030469 0.122737 
0 0.150297 0.568687 0.066469 0.331589 
0 0.830852 0.310993 0.063922 0.113466 
0 0.867102 0.308377 0.035609 0.115828 
0 0.846594 0.260497 0.024438 0.062009 
0 0.899805 0.272075 0.045297 0.093289 
0 0.069047 0.454735 0.023844 0.038212 
0 0.861695 0.261247 0.015047 0.037241 
6 0.867117 0.298874 0.005828 0.038455 
6 0.823820 0.304967 0.013828 0.038764 
0 0.049422 0.454029 0.021438 0.037285 
0 0.946383 0.424249 0.011984 0.018212 
0 0.994523 0.463190 0.010953 0.073002 
0 0.111352 0.561667 0.042609 0.270309 
