4 0.551970 0.285947 0.230900 0.301120 
4 0.148450 0.681440 0.293820 0.612373 
3 0.556180 0.068533 0.013480 0.132587 
3 0.786620 0.550320 0.298200 0.159040 
3 0.721650 0.089093 0.030740 0.149173 
3 0.597470 0.071920 0.042140 0.134827 
3 0.476790 0.064373 0.011780 0.128640 
3 0.439580 0.064547 0.037040 0.129093 
3 0.796550 0.104613 0.108780 0.139147 
3 0.722190 0.438493 0.143140 0.075280 
3 0.571180 0.543987 0.220480 0.153147 
3 0.653680 0.077307 0.020360 0.129067 
3 0.736980 0.097907 0.029040 0.136720 
3 0.690430 0.083747 0.057420 0.142053 
3 0.623930 0.069987 0.017820 0.139973 
3 0.678000 0.108000 0.640000 0.216000 
3 0.678000 0.108000 0.640000 0.216000 
