0 0.481180 0.438198 0.210672 0.512354 
3 0.347117 0.580969 0.020547 0.091938 
3 0.366383 0.587740 0.019797 0.074437 
3 0.355508 0.588094 0.012203 0.073979 
3 0.314594 0.592719 0.022219 0.075854 
3 0.290625 0.585844 0.021438 0.090521 
3 0.330695 0.582396 0.018516 0.087375 
3 0.299258 0.592427 0.017953 0.076313 
8 0.982266 0.495490 0.035469 0.979729 
3 0.384055 0.587115 0.020016 0.080104 
3 0.325039 0.583823 0.021516 0.090646 
3 0.280859 0.593719 0.013219 0.074688 
3 0.299672 0.702833 0.017438 0.053958 
3 0.342758 0.617635 0.018703 0.019604 
3 0.364938 0.698875 0.009219 0.047750 
3 0.339844 0.686458 0.132812 0.135417 
