0 0.953086 0.453931 0.093547 0.305639 
0 0.344148 0.546458 0.315828 0.418639 
0 0.539789 0.312111 0.153359 0.227556 
0 0.778516 0.218750 0.098656 0.218278 
0 0.316063 0.239292 0.079500 0.076139 
0 0.574172 0.781792 0.469500 0.436417 
0 0.105773 0.068194 0.038797 0.075778 
3 0.599789 0.666292 0.140297 0.267417 
0 0.095141 0.099819 0.063281 0.093583 
0 0.828273 0.047667 0.021109 0.032556 
0 0.247687 0.136778 0.051000 0.190056 
0 0.562617 0.021903 0.044141 0.043806 
0 0.941789 0.061806 0.055078 0.046278 
0 0.668797 0.269639 0.126719 0.224722 
0 0.465625 0.125000 0.918750 0.250000 
0 0.465625 0.125000 0.918750 0.250000 
