4 0.849437 0.735552 0.301125 0.528896 
0 0.532938 0.599094 0.160469 0.605854 
0 0.137359 0.673042 0.274719 0.631458 
0 0.409008 0.469260 0.111328 0.146479 
0 0.228859 0.623687 0.194156 0.356500 
0 0.674266 0.761156 0.074500 0.312771 
5 0.589742 0.514698 0.020391 0.036062 
5 0.265539 0.613375 0.018078 0.013042 
3 0.396367 0.594333 0.064328 0.024833 
3 0.280234 0.471979 0.026875 0.006292 
3 0.280641 0.478354 0.018406 0.008375 
3 0.279508 0.465417 0.017391 0.009125 
3 0.275008 0.454073 0.013328 0.005687 
3 0.353367 0.565885 0.033859 0.014354 
