3 0.779086 0.474019 0.007984 0.042804 
3 0.786820 0.540456 0.006578 0.045958 
3 0.821766 0.392547 0.007969 0.051636 
3 0.810828 0.469287 0.014469 0.053762 
3 0.771453 0.391998 0.016656 0.051799 
3 0.818414 0.468715 0.011172 0.055654 
3 0.785156 0.397792 0.009375 0.039556 
3 0.800867 0.393049 0.007703 0.051799 
3 0.814914 0.396262 0.008641 0.047009 
3 0.831437 0.392407 0.007000 0.053271 
3 0.846023 0.385035 0.005766 0.071332 
3 0.845195 0.470678 0.004703 0.065374 
3 0.831953 0.471297 0.025625 0.059603 
5 0.940750 0.719252 0.010750 0.019579 
5 0.989305 0.725526 0.021391 0.026145 
3 0.821672 0.605584 0.047188 0.027523 
3 0.779688 0.480140 0.146875 0.231308 
3 0.779688 0.480140 0.146875 0.231308 
