3 0.189594 0.413633 0.018438 0.048990 
3 0.094602 0.663461 0.091734 0.208744 
3 0.077758 0.238067 0.070047 0.203374 
3 0.075797 0.450357 0.073687 0.213424 
2 0.367133 0.358879 0.151109 0.293128 
2 0.248578 0.455628 0.094812 0.171207 
2 0.411047 0.469938 0.079375 0.127808 
2 0.346656 0.491823 0.066406 0.095862 
2 0.522492 0.595628 0.060016 0.112685 
2 0.192859 0.793744 0.107594 0.127438 
2 0.177547 0.707266 0.049750 0.109803 
2 0.494883 0.585135 0.080953 0.210764 
2 0.594969 0.591232 0.059969 0.116995 
2 0.901633 0.583337 0.060109 0.080123 
2 0.558242 0.572500 0.043359 0.124163 
2 0.592938 0.514692 0.054187 0.061207 
2 0.639875 0.555099 0.050344 0.082660 
6 0.853406 0.615246 0.051219 0.039507 
6 0.356680 0.370640 0.071453 0.067143 
6 0.499258 0.587377 0.043109 0.098153 
6 0.477523 0.395049 0.013641 0.049606 
6 0.643742 0.579224 0.034297 0.033473 
6 0.702562 0.517241 0.029875 0.031823 
2 0.511719 0.392857 0.782813 0.628079 
2 0.511719 0.392857 0.782813 0.628079 
