3 0.340250 0.889013 0.048260 0.170347 
3 0.359520 0.903827 0.024840 0.127547 
3 0.364940 0.889213 0.037320 0.152293 
3 0.377930 0.879640 0.047860 0.152187 
3 0.393160 0.884747 0.040400 0.147200 
3 0.402770 0.882413 0.045420 0.139173 
3 0.470080 0.849653 0.095800 0.046400 
3 0.467780 0.881480 0.100840 0.051600 
3 0.471500 0.905853 0.117480 0.053253 
3 0.374980 0.735147 0.114720 0.034187 
3 0.442510 0.526920 0.138340 0.030853 
3 0.366280 0.687173 0.099000 0.050880 
3 0.437430 0.510440 0.126100 0.011600 
3 0.418080 0.394813 0.145760 0.027867 
3 0.420000 0.552000 0.212000 0.448000 
