7 0.434219 0.423969 0.114437 0.092688 
7 0.679180 0.416219 0.182297 0.144563 
7 0.784852 0.351573 0.046453 0.043188 
7 0.837008 0.344104 0.055797 0.043625 
7 0.225203 0.380729 0.055063 0.035917 
7 0.355664 0.362042 0.021609 0.016958 
7 0.570117 0.417396 0.126641 0.115958 
7 0.694219 0.333448 0.088875 0.086937 
7 0.372148 0.403625 0.037859 0.069083 
7 0.134055 0.369031 0.018828 0.016188 
7 0.109680 0.370458 0.015891 0.012583 
7 0.235648 0.357833 0.017391 0.024542 
7 0.222000 0.355271 0.016469 0.016875 
7 0.515625 0.384375 0.281250 0.081250 
