0 0.140188 0.512354 0.277375 0.952810 
0 0.531500 0.613478 0.217406 0.741569 
0 0.894313 0.626967 0.211375 0.746066 
5 0.025320 0.035304 0.048859 0.070609 
5 0.859508 0.562283 0.019828 0.065550 
5 0.613484 0.588197 0.013813 0.017143 
3 0.645109 0.718267 0.010781 0.054941 
3 0.652937 0.787037 0.010781 0.059180 
3 0.720695 0.665527 0.013078 0.049789 
3 0.658039 0.855749 0.055266 0.063770 
3 0.703398 0.661194 0.033297 0.060328 
3 0.646547 0.652670 0.049312 0.062529 
3 0.658266 0.720457 0.012125 0.055386 
3 0.637437 0.786850 0.009469 0.060211 
3 0.719914 0.728513 0.012141 0.051358 
3 0.652273 0.718279 0.010109 0.055948 
3 0.677047 0.931171 0.009187 0.064075 
3 0.723211 0.853981 0.013828 0.053770 
3 0.690164 0.602213 0.009672 0.049813 
