0 0.915977 0.548235 0.168047 0.458244 
0 0.853898 0.549852 0.149922 0.450203 
0 0.745203 0.582939 0.098156 0.400591 
0 0.376477 0.368050 0.063297 0.254399 
0 0.285531 0.282588 0.057625 0.191830 
0 0.230742 0.280536 0.056484 0.202588 
0 0.159719 0.276174 0.055313 0.168133 
0 0.616414 0.538198 0.081672 0.375287 
0 0.062477 0.246479 0.053078 0.202421 
0 0.570750 0.506275 0.087094 0.374104 
0 0.680055 0.503817 0.104422 0.347190 
0 0.609875 0.361063 0.044906 0.087449 
6 0.858633 0.465407 0.019484 0.052033 
6 0.980977 0.594316 0.038047 0.159390 
6 0.690836 0.438022 0.014703 0.054344 
6 0.573750 0.412819 0.014406 0.057911 
6 0.542648 0.379713 0.007359 0.014880 
6 0.465648 0.350841 0.006641 0.023789 
6 0.508500 0.340009 0.004906 0.013808 
6 0.429180 0.297172 0.006641 0.008096 
6 0.850430 0.294704 0.007297 0.032514 
6 0.739883 0.314510 0.009609 0.031349 
6 0.775156 0.480813 0.016375 0.036451 
6 0.384977 0.286627 0.004797 0.017283 
0 0.760750 0.343087 0.057594 0.066765 
0 0.246875 0.270795 0.493750 0.231054 
6 0.553906 0.277264 0.845313 0.295749 
