7 0.552578 0.810087 0.278969 0.328325 
7 0.255906 0.793687 0.288438 0.282675 
0 0.772547 0.432887 0.132219 0.326425 
7 0.072695 0.617463 0.145391 0.135825 
7 0.196547 0.728587 0.275906 0.283525 
7 0.481328 0.761050 0.337812 0.307050 
7 0.893594 0.812300 0.212812 0.340050 
7 0.843289 0.739875 0.313422 0.338000 
7 0.781953 0.638513 0.243531 0.132875 
7 0.387797 0.629425 0.083094 0.067400 
7 0.063680 0.780675 0.123578 0.262550 
7 0.482867 0.612138 0.106297 0.061175 
7 0.867430 0.572400 0.055797 0.037950 
7 0.671703 0.642225 0.064375 0.101600 
7 0.578125 0.727500 0.825000 0.425000 
7 0.578125 0.727500 0.825000 0.425000 
