3 0.757305 0.128875 0.020828 0.219500 
3 0.697938 0.142844 0.027781 0.185146 
3 0.173500 0.165771 0.035813 0.161417 
3 0.261883 0.157646 0.032797 0.174958 
3 0.620570 0.120635 0.037672 0.117188 
3 0.196352 0.166292 0.042141 0.170792 
3 0.643969 0.142771 0.062062 0.191167 
3 0.147773 0.167552 0.043391 0.165437 
3 0.876609 0.133646 0.083344 0.214750 
3 0.852242 0.131271 0.093328 0.217750 
3 0.284992 0.165125 0.030016 0.154417 
3 0.832742 0.123219 0.062578 0.215771 
0 0.938328 0.777563 0.121719 0.429917 
