4 0.250281 0.556188 0.264594 0.262917 
5 0.180977 0.711573 0.027141 0.040104 
5 0.410344 0.654396 0.029344 0.022500 
3 0.261828 0.247635 0.009687 0.085812 
3 0.172273 0.111010 0.013609 0.064687 
3 0.870047 0.503281 0.038781 0.011938 
3 0.453008 0.430437 0.030328 0.007833 
3 0.457953 0.468938 0.028250 0.014083 
3 0.430023 0.532344 0.034297 0.051063 
3 0.829609 0.388646 0.048781 0.009792 
3 0.869133 0.478302 0.038172 0.015104 
3 0.869922 0.512740 0.036219 0.008354 
3 0.821867 0.552187 0.046797 0.014708 
3 0.114695 0.229979 0.011984 0.095917 
3 0.483711 0.513677 0.029297 0.006771 
3 0.951594 0.421979 0.036250 0.009875 
3 0.550000 0.608333 0.868750 0.779167 
