8 0.571911 0.755057 0.132569 0.476390 
3 0.734959 0.397049 0.095707 0.055366 
3 0.903593 0.600024 0.007935 0.023789 
3 0.786350 0.627870 0.070748 0.025008 
3 0.867602 0.538569 0.013707 0.029203 
3 0.883049 0.559065 0.021447 0.008016 
3 0.880846 0.599577 0.006341 0.023285 
3 0.871732 0.660301 0.006358 0.019496 
3 0.862390 0.630837 0.007057 0.019366 
3 0.903976 0.560106 0.020341 0.006780 
3 0.796528 0.574667 0.007561 0.020878 
3 0.864610 0.657984 0.079171 0.031350 
3 0.839260 0.601642 0.004374 0.018732 
3 0.805455 0.546496 0.004732 0.021285 
3 0.834146 0.623577 0.178862 0.200000 
