7 0.833297 0.641851 0.181031 0.195290 
0 0.266047 0.545025 0.314344 0.613375 
0 0.801344 0.567191 0.068562 0.327683 
0 0.854281 0.519484 0.052562 0.121839 
0 0.487102 0.647884 0.017422 0.053098 
0 0.725242 0.617733 0.023172 0.100605 
0 0.059250 0.646146 0.008656 0.071335 
0 0.739609 0.616537 0.014938 0.101134 
0 0.106805 0.630428 0.014984 0.038186 
0 0.116305 0.648199 0.017328 0.034181 
0 0.972195 0.617380 0.054828 0.090982 
6 0.814398 0.486285 0.011922 0.041537 
0 0.663383 0.628678 0.017547 0.069798 
0 0.466039 0.656637 0.013984 0.035189 
0 0.469531 0.619647 0.939063 0.171285 
