4 0.819281 0.452754 0.112000 0.082852 
1 0.864102 0.458926 0.054422 0.043945 
2 0.254617 0.693584 0.206266 0.298027 
2 0.135125 0.481572 0.185812 0.424199 
2 0.284383 0.464971 0.139578 0.187988 
2 0.189812 0.644111 0.142094 0.201465 
2 0.898547 0.822920 0.051187 0.094355 
2 0.853633 0.828008 0.057453 0.057461 
2 0.806984 0.771113 0.042688 0.046172 
2 0.742320 0.799746 0.023984 0.030781 
2 0.568695 0.597842 0.149047 0.365332 
2 0.265633 0.292236 0.171578 0.201543 
2 0.406203 0.239268 0.155031 0.312676 
2 0.393797 0.515762 0.208781 0.343672 
2 0.381391 0.811621 0.469250 0.263555 
2 0.846094 0.839844 0.229687 0.230469 
