1 0.581906 0.940703 0.039281 0.021171 
4 0.673359 0.541452 0.051219 0.092834 
3 0.625602 0.373794 0.008641 0.041218 
3 0.616531 0.423829 0.003219 0.040726 
3 0.614664 0.420621 0.009203 0.040492 
3 0.660484 0.538759 0.018688 0.061218 
3 0.620953 0.480234 0.004281 0.027728 
3 0.605953 0.418454 0.009375 0.047307 
3 0.607031 0.466932 0.006625 0.044450 
3 0.631398 0.483384 0.003234 0.033888 
3 0.643523 0.483958 0.011547 0.048337 
3 0.635313 0.486089 0.004719 0.039625 
3 0.626734 0.423817 0.003469 0.047026 
3 0.643086 0.435984 0.008453 0.037213 
3 0.634023 0.382881 0.002266 0.024918 
3 0.336719 0.450820 0.670312 0.330211 
