7 0.513758 0.592900 0.014859 0.023472 
7 0.514656 0.570821 0.008469 0.011622 
7 0.566492 0.593274 0.012641 0.014906 
7 0.403148 0.620946 0.013141 0.013077 
7 0.447461 0.623295 0.010641 0.016819 
7 0.371539 0.636819 0.008422 0.014678 
7 0.194742 0.664116 0.012734 0.013638 
7 0.110539 0.661164 0.010516 0.008565 
7 0.110680 0.639210 0.010172 0.009730 
7 0.463633 0.618046 0.009391 0.011268 
7 0.150203 0.663753 0.006969 0.005343 
7 0.188648 0.659439 0.012891 0.005530 
7 0.101836 0.635936 0.010359 0.015946 
7 0.460242 0.572380 0.005359 0.013659 
7 0.353437 0.638430 0.006781 0.012245 
7 0.424859 0.622713 0.008687 0.012495 
7 0.427016 0.614522 0.013000 0.010249 
7 0.548547 0.595468 0.014188 0.023742 
7 0.442203 0.573306 0.008656 0.010894 
7 0.305719 0.651310 0.010063 0.014304 
7 0.523453 0.568119 0.010625 0.013867 
7 0.253125 0.613306 0.503125 0.149688 
7 0.253125 0.613306 0.503125 0.149688 
