8 0.227555 0.273646 0.227953 0.398833 
0 0.591500 0.229979 0.130156 0.210375 
0 0.792133 0.458417 0.239328 0.800000 
0 0.664047 0.205615 0.077531 0.186521 
1 0.508734 0.412510 0.038469 0.084979 
1 0.275609 0.588500 0.082312 0.077417 
1 0.353539 0.381927 0.046328 0.058771 
1 0.473687 0.325250 0.028563 0.038083 
0 0.959703 0.318760 0.080344 0.260896 
0 0.711359 0.192604 0.040875 0.120500 
0 0.966852 0.657458 0.066297 0.564042 
0 0.908828 0.334479 0.033063 0.239667 
0 0.783781 0.231146 0.044000 0.104125 
0 0.730531 0.231115 0.033031 0.110146 
1 0.229492 0.431531 0.066016 0.080563 
