0 0.829520 0.541293 0.332480 0.890693 
0 0.434840 0.584267 0.374160 0.786507 
5 0.474150 0.778067 0.046780 0.033253 
5 0.903360 0.747187 0.038280 0.029733 
5 0.621880 0.766573 0.054280 0.048933 
3 0.668640 0.045773 0.010920 0.091013 
3 0.647080 0.046453 0.040560 0.091787 
3 0.683760 0.044387 0.018840 0.088773 
0 0.117590 0.608640 0.235180 0.753067 
3 0.712850 0.043080 0.010980 0.086160 
3 0.728170 0.043707 0.011460 0.086133 
3 0.695390 0.043680 0.009180 0.087360 
3 0.719810 0.045067 0.008140 0.088000 
