3 0.846167 0.266234 0.016375 0.050094 
3 0.830000 0.341570 0.012667 0.048703 
3 0.812479 0.408016 0.019875 0.042250 
3 0.948604 0.410320 0.008667 0.047141 
3 0.946115 0.345391 0.020313 0.053750 
3 0.795125 0.341453 0.018208 0.049312 
3 0.955490 0.267742 0.013187 0.052766 
3 0.861083 0.407836 0.014625 0.039578 
3 0.846448 0.341977 0.019563 0.052828 
3 0.967688 0.341742 0.023417 0.060891 
3 0.788219 0.405117 0.009813 0.041922 
3 0.828167 0.405883 0.116667 0.045641 
3 0.926240 0.410000 0.039021 0.044688 
3 0.572917 0.446094 0.850000 0.526563 
3 0.572917 0.446094 0.850000 0.526563 
