0 0.107141 0.733080 0.158625 0.519789 
0 0.223852 0.480211 0.237984 0.575274 
0 0.442523 0.760390 0.193141 0.444451 
0 0.654563 0.760475 0.143187 0.444409 
0 0.874070 0.754504 0.190172 0.448207 
7 0.578453 0.544568 0.011875 0.020232 
7 0.546305 0.550211 0.011297 0.008270 
7 0.494188 0.457447 0.012687 0.007300 
7 0.497328 0.449420 0.006406 0.004873 
7 0.490328 0.453017 0.006563 0.004304 
7 0.534992 0.686677 0.101172 0.132764 
7 0.608766 0.555200 0.012906 0.015169 
7 0.572250 0.509757 0.013187 0.009641 
6 0.653898 0.655665 0.029922 0.047827 
7 0.567617 0.554019 0.007734 0.012637 
