3 0.823617 0.169990 0.104547 0.016646 
3 0.799547 0.033010 0.079063 0.051729 
3 0.066570 0.510271 0.133141 0.301125 
3 0.922562 0.166344 0.079812 0.023146 
3 0.847906 0.189656 0.055750 0.015646 
3 0.937797 0.067479 0.105594 0.029833 
3 0.845648 0.196833 0.056953 0.011417 
3 0.909578 0.187271 0.073125 0.042167 
3 0.826719 0.158354 0.106344 0.019583 
3 0.801578 0.068604 0.082187 0.036125 
3 0.145437 0.526906 0.026375 0.327063 
3 0.942383 0.091292 0.115234 0.033167 
3 0.938781 0.032583 0.121188 0.055500 
4 0.365031 0.457729 0.377000 0.558708 
3 0.817188 0.213542 0.146875 0.102083 
3 0.817188 0.213542 0.146875 0.102083 
