7 0.709328 0.773337 0.187125 0.197026 
7 0.674867 0.707330 0.169766 0.133162 
7 0.413578 0.762459 0.444406 0.365433 
7 0.104469 0.728618 0.208937 0.268009 
7 0.527453 0.752342 0.102094 0.239532 
7 0.797172 0.728607 0.082656 0.112623 
7 0.768398 0.639754 0.066203 0.051827 
7 0.901555 0.707681 0.133484 0.187166 
7 0.844531 0.676475 0.059781 0.078852 
7 0.623195 0.642307 0.127891 0.065176 
7 0.826766 0.653326 0.070312 0.039859 
7 0.812914 0.712084 0.084109 0.099953 
7 0.177039 0.752096 0.064172 0.196417 
7 0.509375 0.715457 0.978125 0.274005 
7 0.509375 0.715457 0.978125 0.274005 
