4 0.266469 0.281958 0.194125 0.230583 
5 0.356461 0.373365 0.043172 0.019479 
5 0.378797 0.361052 0.038094 0.026854 
3 0.020711 0.598604 0.030266 0.095583 
3 0.017695 0.601125 0.021922 0.096625 
3 0.839813 0.228302 0.021156 0.056021 
3 0.800273 0.309406 0.023203 0.079271 
2 0.915883 0.134010 0.083484 0.138521 
3 0.980039 0.234552 0.022359 0.085354 
3 0.833891 0.220479 0.018969 0.067292 
3 0.785383 0.219375 0.034984 0.067333 
3 0.061227 0.600208 0.022234 0.052917 
3 0.768023 0.212906 0.026328 0.074354 
3 0.773477 0.214094 0.015109 0.064229 
3 0.042773 0.605208 0.024828 0.064625 
3 0.075305 0.599500 0.014859 0.048708 
2 0.588742 0.190760 0.049641 0.056771 
2 0.799273 0.117115 0.047891 0.067021 
3 0.091781 0.590000 0.015281 0.054792 
3 0.492188 0.389583 0.984375 0.525000 
