1 0.863157 0.682086 0.267640 0.034203 
0 0.622557 0.447688 0.450124 0.266031 
0 0.444099 0.424797 0.097184 0.105406 
0 0.451812 0.379445 0.066729 0.086328 
0 0.825631 0.459453 0.150311 0.221062 
0 0.866573 0.423586 0.096046 0.112047 
0 0.954193 0.419578 0.091615 0.113125 
0 0.961584 0.391164 0.041097 0.035734 
0 0.028075 0.391187 0.056149 0.085187 
0 0.189979 0.232000 0.091884 0.090500 
0 0.272909 0.348414 0.067391 0.061047 
0 0.352764 0.400836 0.092360 0.109703 
0 0.153106 0.407813 0.306211 0.294187 
0 0.314959 0.445930 0.177826 0.165641 
0 0.378882 0.337500 0.650104 0.168750 
