0 0.640188 0.339471 0.432750 0.557294 
0 0.297445 0.483294 0.195078 0.812235 
0 0.860297 0.226965 0.240250 0.382024 
0 0.208461 0.280541 0.140422 0.445647 
0 0.151398 0.203718 0.149891 0.214447 
0 0.417187 0.143388 0.067656 0.156518 
0 0.500000 0.366882 1.000000 0.672118 
0 0.471992 0.118212 0.015922 0.064518 
6 0.802000 0.751694 0.197563 0.155529 
0 0.718914 0.163024 0.042859 0.152965 
0 0.126961 0.165071 0.073266 0.180729 
0 0.512281 0.204824 0.119844 0.320753 
0 0.739047 0.117318 0.027875 0.064612 
6 0.845133 0.390282 0.063766 0.058353 
6 0.532188 0.274376 0.019500 0.024706 
6 0.384242 0.553059 0.112578 0.103200 
6 0.429383 0.247894 0.020953 0.031929 
0 0.299219 0.282353 0.345313 0.343529 
