6 0.590570 0.538857 0.034891 0.024729 
6 0.484242 0.611860 0.025422 0.112597 
6 0.862672 0.677200 0.020250 0.060019 
0 0.500289 0.597151 0.222703 0.384767 
0 0.312562 0.719254 0.189750 0.560446 
0 0.596703 0.530271 0.222438 0.238333 
0 0.243117 0.541453 0.136922 0.310775 
0 0.293789 0.461589 0.041734 0.107791 
0 0.829086 0.711948 0.327672 0.576105 
0 0.972523 0.512587 0.038391 0.169632 
0 0.071313 0.456405 0.075469 0.141802 
0 0.092008 0.694903 0.168828 0.567054 
6 0.374188 0.721880 0.037937 0.138295 
