0 0.147381 0.815281 0.294761 0.338562 
0 0.746441 0.437117 0.321194 0.313609 
0 0.866091 0.326750 0.267818 0.339500 
0 0.258033 0.312227 0.254602 0.219984 
0 0.620613 0.260266 0.086736 0.250406 
0 0.690860 0.316094 0.090318 0.156531 
0 0.307174 0.176914 0.093392 0.176359 
0 0.220295 0.195781 0.118615 0.180969 
1 0.300207 0.694820 0.067643 0.018828 
0 0.782922 0.616734 0.434156 0.334531 
0 0.228543 0.421797 0.159443 0.232813 
0 0.163750 0.563234 0.277309 0.353750 
0 0.775717 0.824305 0.298599 0.351391 
