4 0.116741 0.551125 0.199647 0.125844 
3 0.048071 0.699273 0.024941 0.038922 
3 0.050000 0.695281 0.030682 0.039969 
3 0.069435 0.764133 0.035388 0.033297 
3 0.029412 0.705367 0.025224 0.037547 
3 0.089200 0.754664 0.025976 0.033297 
3 0.147035 0.726586 0.060706 0.048359 
3 0.182200 0.641773 0.019224 0.033203 
3 0.100800 0.745633 0.027435 0.031891 
3 0.041000 0.700609 0.020918 0.035563 
0 0.907718 0.873734 0.184565 0.145313 
3 0.181729 0.701328 0.012635 0.026719 
3 0.171318 0.654125 0.019200 0.030812 
3 0.189871 0.698562 0.016918 0.032094 
3 0.167847 0.633531 0.012588 0.011781 
3 0.260000 0.704688 0.501176 0.296875 
