4 0.691445 0.161771 0.081016 0.125792 
5 0.493133 0.483750 0.044547 0.023125 
3 0.526258 0.334958 0.012922 0.065292 
3 0.444461 0.428615 0.004297 0.036229 
3 0.417539 0.460229 0.078578 0.042333 
3 0.476289 0.424802 0.016953 0.064313 
3 0.508539 0.419167 0.006953 0.053458 
3 0.551109 0.333063 0.015406 0.061625 
3 0.536609 0.332896 0.018563 0.068500 
3 0.514484 0.341104 0.006219 0.062000 
3 0.411914 0.487823 0.079516 0.038104 
3 0.526773 0.417073 0.015484 0.055354 
3 0.459375 0.355438 0.013406 0.056208 
3 0.483195 0.290615 0.022359 0.008479 
3 0.483734 0.247583 0.026375 0.010000 
3 0.475000 0.396875 0.187500 0.193750 
