4 0.469203 0.485094 0.176750 0.223615 
3 0.835453 0.464401 0.017063 0.082465 
3 0.815750 0.462688 0.006094 0.084577 
3 0.871508 0.465986 0.033078 0.082817 
3 0.853164 0.460892 0.016953 0.091925 
3 0.802758 0.754026 0.020922 0.096455 
3 0.844109 0.464073 0.018375 0.084108 
3 0.830523 0.751115 0.013391 0.052700 
3 0.849922 0.762911 0.006188 0.039812 
3 0.822641 0.460423 0.008156 0.079296 
3 0.927875 0.746291 0.008781 0.055775 
3 0.794125 0.759131 0.024875 0.106244 
3 0.803562 0.462559 0.011281 0.080094 
3 0.776508 0.766913 0.006922 0.107535 
3 0.502344 0.500000 0.939063 0.896714 
