0 0.430617 0.487646 0.183703 0.696625 
5 0.477383 0.441406 0.048766 0.038646 
3 0.841938 0.127833 0.110656 0.049000 
3 0.841016 0.105625 0.104500 0.035958 
3 0.422945 0.032969 0.019797 0.011187 
3 0.381437 0.154594 0.044875 0.008229 
3 0.882250 0.289937 0.032844 0.127833 
3 0.960750 0.184365 0.078500 0.046771 
3 0.832492 0.043063 0.067766 0.018708 
3 0.861914 0.283833 0.027516 0.135417 
3 0.841609 0.073073 0.092188 0.037521 
3 0.908391 0.288177 0.019813 0.105646 
3 0.968859 0.136115 0.062281 0.036479 
3 0.847078 0.263156 0.165187 0.186729 
3 0.972180 0.087063 0.055641 0.026458 
3 0.674219 0.276042 0.648438 0.552083 
3 0.674219 0.276042 0.648438 0.552083 
