4 0.817414 0.132583 0.340453 0.260667 
5 0.843367 0.639167 0.100047 0.045167 
3 0.505867 0.200135 0.031141 0.012729 
3 0.524656 0.172948 0.011000 0.080354 
3 0.451289 0.186635 0.024453 0.014437 
3 0.506977 0.182271 0.027172 0.014250 
3 0.557117 0.308625 0.024391 0.006875 
3 0.599227 0.307740 0.056828 0.012187 
3 0.596414 0.364760 0.055516 0.011562 
3 0.555836 0.388083 0.027359 0.010917 
3 0.479383 0.189625 0.027984 0.009417 
3 0.548234 0.173031 0.008844 0.080771 
3 0.592469 0.171792 0.009969 0.077792 
5 0.358539 0.324667 0.032859 0.032958 
3 0.582977 0.371958 0.028109 0.006083 
3 0.556063 0.379990 0.025688 0.006229 
3 0.622656 0.240625 0.751563 0.477083 
3 0.622656 0.240625 0.751563 0.477083 
