0 0.683297 0.549583 0.633406 0.878917 
0 0.476187 0.691552 0.306656 0.616896 
5 0.349523 0.439094 0.035953 0.095896 
3 0.318797 0.793521 0.030687 0.006708 
5 0.404687 0.755292 0.106969 0.122542 
5 0.432711 0.600667 0.027703 0.029250 
3 0.351547 0.818656 0.032531 0.112937 
3 0.316531 0.890719 0.029156 0.008813 
3 0.315656 0.921792 0.029031 0.010750 
3 0.316859 0.911802 0.030812 0.010187 
3 0.316547 0.938323 0.030250 0.007771 
3 0.348141 0.977635 0.032469 0.028063 
3 0.319688 0.773979 0.033563 0.031958 
3 0.348867 0.953167 0.028672 0.008958 
