2 0.808117 0.650562 0.365828 0.662904 
2 0.640953 0.420972 0.193406 0.483162 
2 0.428695 0.229602 0.164203 0.128993 
2 0.520680 0.645269 0.259953 0.682436 
2 0.309805 0.543607 0.208734 0.620047 
2 0.185508 0.459391 0.134828 0.514941 
2 0.177789 0.137705 0.096578 0.180000 
2 0.423023 0.129578 0.093078 0.066792 
2 0.077453 0.428056 0.154906 0.484731 
2 0.898578 0.590913 0.202844 0.787026 
2 0.300297 0.178150 0.096406 0.116721 
2 0.937602 0.197049 0.124797 0.114848 
2 0.745687 0.220714 0.160656 0.204614 
2 0.500000 0.505855 0.996875 0.983607 
2 0.500000 0.505855 0.996875 0.983607 
