3 0.099164 0.319167 0.016016 0.146875 
3 0.120070 0.321594 0.027984 0.144521 
3 0.222906 0.088062 0.095188 0.159125 
3 0.160891 0.299042 0.048406 0.180958 
3 0.131633 0.321604 0.015078 0.137958 
3 0.135852 0.844896 0.070359 0.044833 
3 0.059242 0.326563 0.024297 0.146708 
3 0.246352 0.123760 0.025953 0.086521 
3 0.164781 0.323792 0.023438 0.131542 
3 0.068187 0.323490 0.023656 0.146937 
3 0.043523 0.308708 0.017047 0.104042 
3 0.147539 0.320385 0.014859 0.137521 
4 0.921750 0.612990 0.156500 0.327271 
3 0.192555 0.567333 0.034484 0.082667 
3 0.040625 0.571875 0.078125 0.197917 
