7 0.391359 0.792604 0.251469 0.235492 
7 0.853203 0.775974 0.293594 0.188840 
7 0.618664 0.880624 0.214234 0.152144 
7 0.492062 0.621444 0.224812 0.093042 
7 0.472172 0.503501 0.134969 0.118687 
7 0.280164 0.537451 0.161078 0.109519 
7 0.216000 0.562101 0.124656 0.106171 
7 0.835180 0.407681 0.036391 0.076455 
7 0.328984 0.650263 0.276875 0.138862 
7 0.255461 0.832976 0.172359 0.269409 
7 0.065789 0.740766 0.124453 0.125033 
7 0.730719 0.458687 0.121562 0.100700 
7 0.121211 0.472319 0.107922 0.090635 
7 0.500000 0.610503 0.996875 0.665208 
7 0.500000 0.610503 0.996875 0.665208 
