6 0.199969 0.394565 0.019563 0.064734 
6 0.479891 0.509819 0.012594 0.056159 
6 0.341148 0.606932 0.015203 0.090338 
0 0.205430 0.379505 0.148609 0.198188 
0 0.359492 0.602899 0.138109 0.287633 
0 0.399727 0.518973 0.106953 0.424855 
0 0.513234 0.616655 0.109438 0.342440 
0 0.644164 0.585411 0.081297 0.352850 
0 0.846023 0.542705 0.104672 0.460676 
0 0.728977 0.626884 0.194547 0.384493 
0 0.472148 0.495217 0.048422 0.185217 
6 0.772570 0.531063 0.005828 0.026667 
6 0.846250 0.390471 0.004687 0.011522 
3 0.125281 0.653152 0.085281 0.026739 
3 0.125875 0.669300 0.080281 0.028502 
3 0.933203 0.442826 0.033125 0.020193 
3 0.897594 0.428961 0.035406 0.040097 
3 0.983984 0.450217 0.007656 0.015845 
3 0.965656 0.446570 0.032313 0.017246 
3 0.892703 0.362452 0.036219 0.035048 
3 0.121289 0.635845 0.075953 0.026184 
0 0.314430 0.723829 0.237797 0.522005 
