4 0.820573 0.470164 0.213479 0.203453 
0 0.391531 0.576727 0.341646 0.743766 
3 0.841490 0.786484 0.062062 0.074656 
3 0.726771 0.658938 0.031667 0.022000 
3 0.964708 0.263406 0.070583 0.129375 
3 0.838562 0.291313 0.028875 0.076594 
3 0.586354 0.577477 0.007625 0.052703 
3 0.557979 0.659227 0.015083 0.025016 
3 0.884417 0.280469 0.066000 0.093937 
3 0.964385 0.716125 0.011938 0.076344 
3 0.627771 0.321813 0.060917 0.023156 
3 0.766760 0.290742 0.069062 0.080953 
3 0.785646 0.762961 0.025208 0.054734 
3 0.785302 0.299195 0.062354 0.013266 
3 0.631052 0.589812 0.050562 0.074656 
3 0.945948 0.718469 0.024021 0.083344 
5 0.706615 0.540781 0.049896 0.024531 
5 0.754188 0.608188 0.065750 0.020750 
3 0.560167 0.567836 0.012500 0.056203 
3 0.795833 0.521875 0.245833 0.596875 
3 0.795833 0.521875 0.245833 0.596875 
