7 0.368930 0.590260 0.045953 0.070604 
7 0.397203 0.525115 0.026406 0.025396 
7 0.314797 0.588198 0.042719 0.077312 
7 0.065156 0.571333 0.025000 0.048167 
7 0.354414 0.532135 0.029547 0.029937 
7 0.433266 0.584854 0.050375 0.059875 
7 0.518461 0.515906 0.024484 0.023729 
7 0.670219 0.540250 0.035563 0.029333 
7 0.775664 0.530875 0.029234 0.027708 
7 0.847367 0.534781 0.034672 0.028938 
7 0.432000 0.535969 0.022625 0.027813 
7 0.430320 0.490969 0.015734 0.016521 
7 0.111414 0.442510 0.011891 0.011437 
7 0.500000 0.485417 0.996875 0.112500 
7 0.500000 0.485417 0.996875 0.112500 
