7 0.532961 0.784735 0.053672 0.052898 
7 0.720578 0.771929 0.060906 0.041122 
7 0.782445 0.809684 0.044234 0.083898 
7 0.750086 0.705010 0.027578 0.043653 
7 0.393883 0.718980 0.026547 0.021510 
7 0.273023 0.890633 0.072203 0.063673 
7 0.730875 0.786276 0.047906 0.046837 
7 0.724578 0.706061 0.024781 0.028531 
7 0.318625 0.800276 0.032094 0.036388 
7 0.175352 0.733745 0.014672 0.024265 
7 0.071602 0.928296 0.050172 0.060388 
7 0.709602 0.656469 0.020766 0.022082 
7 0.327766 0.645980 0.013000 0.012449 
7 0.572656 0.619388 0.045312 0.026531 
