0 0.599508 0.385434 0.210359 0.704296 
0 0.386148 0.550505 0.216359 0.898991 
0 0.237828 0.508979 0.254281 0.941573 
0 0.516383 0.802946 0.298484 0.376690 
0 0.675352 0.774718 0.151078 0.433709 
0 0.833820 0.520399 0.218766 0.627277 
0 0.943469 0.356373 0.113062 0.702793 
5 0.462773 0.552383 0.038391 0.025282 
5 0.349914 0.464308 0.038703 0.025845 
5 0.745672 0.611643 0.025125 0.053568 
3 0.328328 0.082031 0.025438 0.110117 
3 0.728961 0.042559 0.052578 0.083662 
3 0.729742 0.170552 0.064797 0.103404 
3 0.714016 0.301690 0.023219 0.099953 
3 0.343594 0.070270 0.023344 0.081338 
3 0.376148 0.068028 0.007953 0.081596 
3 0.411945 0.078157 0.009484 0.112230 
3 0.731344 0.301373 0.004812 0.090258 
5 0.669305 0.455822 0.047359 0.073568 
3 0.745250 0.295188 0.018688 0.090094 
3 0.758273 0.292559 0.009109 0.090939 
3 0.711477 0.314437 0.015984 0.096103 
3 0.391141 0.079190 0.016969 0.115939 
3 0.713203 0.432394 0.006938 0.077418 
3 0.583594 0.282864 0.560937 0.565728 
3 0.583594 0.282864 0.560937 0.565728 
