7 0.408977 0.500552 0.090203 0.059896 
7 0.225203 0.280073 0.054031 0.047313 
7 0.701766 0.552667 0.088781 0.061125 
7 0.503047 0.647031 0.060031 0.059438 
7 0.451992 0.793125 0.080672 0.076208 
7 0.139898 0.850906 0.089672 0.076604 
7 0.294234 0.639250 0.051875 0.072875 
7 0.544477 0.610385 0.081547 0.055854 
7 0.531695 0.531438 0.054266 0.077792 
7 0.441937 0.477052 0.038719 0.047313 
7 0.562641 0.302875 0.070281 0.033833 
7 0.791531 0.332937 0.035500 0.062167 
7 0.855922 0.332906 0.069937 0.050021 
7 0.636789 0.708031 0.049891 0.052813 
7 0.785352 0.621073 0.062078 0.061104 
7 0.450000 0.572917 0.890625 0.770833 
