6 0.230305 0.704830 0.025484 0.159414 
0 0.247352 0.748225 0.107016 0.458056 
0 0.383953 0.733025 0.105813 0.393272 
0 0.551188 0.876404 0.121719 0.247191 
0 0.809203 0.858164 0.037375 0.096204 
0 0.655047 0.883997 0.062719 0.085586 
0 0.576375 0.735401 0.102000 0.400062 
0 0.468820 0.736852 0.072078 0.380802 
0 0.347773 0.266219 0.062547 0.170340 
0 0.156070 0.766698 0.096484 0.417037 
0 0.059758 0.620278 0.070172 0.230556 
6 0.311594 0.716528 0.018125 0.175216 
0 0.307328 0.761049 0.060094 0.436420 
6 0.452359 0.650802 0.004594 0.019259 
0 0.617461 0.867207 0.060953 0.174660 
0 0.767305 0.946235 0.061453 0.107531 
