0 0.740656 0.298876 0.272875 0.570773 
0 0.392945 0.513513 0.482359 0.939204 
2 0.652977 0.662998 0.169297 0.245574 
2 0.941453 0.310176 0.117094 0.229719 
2 0.509766 0.814227 0.203906 0.348314 
2 0.810578 0.883794 0.338063 0.232412 
2 0.594531 0.812096 0.145406 0.330609 
2 0.189383 0.093419 0.146953 0.134895 
2 0.928937 0.697377 0.141125 0.218970 
2 0.843023 0.782155 0.313953 0.293068 
2 0.042617 0.271382 0.085234 0.119766 
2 0.972156 0.233326 0.055688 0.148056 
0 0.260813 0.128571 0.275531 0.257143 
