0 0.656664 0.623597 0.150422 0.752806 
0 0.252062 0.260208 0.024313 0.063917 
0 0.197883 0.253208 0.014766 0.062528 
0 0.163391 0.235069 0.034219 0.075917 
0 0.939672 0.300917 0.055094 0.132000 
0 0.066664 0.248347 0.035234 0.091139 
0 0.050242 0.251056 0.022047 0.092389 
0 0.690719 0.315278 0.045219 0.151944 
0 0.845266 0.396194 0.067000 0.328778 
0 0.431594 0.638778 0.141250 0.722444 
0 0.583734 0.307861 0.022594 0.165667 
0 0.875437 0.354347 0.033531 0.195806 
6 0.845586 0.326278 0.009453 0.080056 
0 0.101344 0.264681 0.023531 0.046361 
0 0.316406 0.298611 0.410938 0.158333 
