4 0.449383 0.247802 0.111578 0.326437 
3 0.328648 0.736104 0.286516 0.155042 
3 0.107148 0.175385 0.073109 0.039521 
5 0.528859 0.672573 0.104188 0.068646 
3 0.123094 0.202542 0.057969 0.019167 
3 0.045164 0.153281 0.044953 0.009062 
3 0.028188 0.159406 0.048719 0.022646 
3 0.030031 0.174740 0.060062 0.009021 
3 0.032094 0.194885 0.062375 0.017229 
3 0.219609 0.151292 0.051562 0.029042 
3 0.226969 0.165781 0.055156 0.013729 
3 0.337438 0.141760 0.051875 0.024687 
3 0.030109 0.186198 0.058313 0.011312 
3 0.105719 0.200021 0.081812 0.042208 
