7 0.649200 0.711687 0.177360 0.166747 
7 0.669360 0.580120 0.083920 0.106699 
7 0.702240 0.434639 0.100840 0.088988 
7 0.868430 0.517193 0.128940 0.120361 
7 0.234750 0.837108 0.282820 0.209928 
7 0.770570 0.300301 0.034420 0.028506 
7 0.667320 0.333530 0.047840 0.044458 
7 0.550010 0.296723 0.040580 0.026072 
7 0.454500 0.291446 0.045840 0.045880 
7 0.492230 0.307639 0.036660 0.032771 
7 0.267280 0.305771 0.052360 0.036940 
7 0.921040 0.341313 0.029720 0.045084 
7 0.163340 0.299120 0.042680 0.031253 
0 0.592450 0.182916 0.018700 0.059084 
7 0.097000 0.291566 0.126000 0.053012 
7 0.097000 0.291566 0.126000 0.053012 
