3 0.425820 0.326408 0.051547 0.032723 
3 0.427062 0.359941 0.049781 0.029085 
3 0.403414 0.396138 0.005516 0.026174 
3 0.414250 0.432101 0.012719 0.030540 
3 0.410508 0.463110 0.018328 0.027254 
3 0.414039 0.493509 0.003891 0.024577 
3 0.412859 0.394225 0.007719 0.029014 
3 0.409422 0.493721 0.004812 0.024296 
3 0.448047 0.424225 0.006188 0.030094 
3 0.433313 0.424883 0.006531 0.025305 
3 0.441594 0.424225 0.004188 0.027418 
3 0.424469 0.491643 0.011031 0.026901 
3 0.416758 0.493592 0.002422 0.023568 
