2 0.384871 0.516852 0.526643 0.629203 
0 0.862746 0.596406 0.103615 0.137937 
0 0.797394 0.593273 0.092629 0.158141 
0 0.746866 0.600328 0.106174 0.159906 
0 0.636808 0.584156 0.175352 0.197313 
0 0.215188 0.480758 0.090939 0.148734 
0 0.208052 0.424047 0.035634 0.064500 
0 0.138369 0.482328 0.120023 0.215219 
0 0.122183 0.409188 0.027183 0.037250 
0 0.048709 0.446086 0.070423 0.120297 
0 0.093592 0.427617 0.054413 0.054172 
0 0.707066 0.583102 0.095822 0.154891 
0 0.933146 0.653344 0.133709 0.244813 
0 0.580810 0.500867 0.067019 0.054922 
