0 0.115080 0.534440 0.127013 0.277680 
0 0.324453 0.438690 0.122453 0.106780 
2 0.563387 0.628740 0.151467 0.132240 
2 0.258387 0.784370 0.091653 0.063780 
2 0.468707 0.926030 0.111280 0.134940 
2 0.164960 0.936100 0.176373 0.110480 
2 0.146387 0.893460 0.162640 0.097440 
2 0.169027 0.765600 0.146907 0.126640 
2 0.306427 0.817530 0.163680 0.105620 
2 0.833987 0.631350 0.093413 0.075860 
2 0.140760 0.862430 0.096080 0.078460 
2 0.336800 0.692380 0.220853 0.141240 
2 0.522667 0.782000 0.288000 0.264000 
