4 0.693297 0.406313 0.422781 0.384292 
3 0.406977 0.176000 0.006016 0.067458 
3 0.497914 0.172177 0.080141 0.075229 
3 0.405539 0.314406 0.009141 0.067062 
3 0.688000 0.164813 0.006688 0.075083 
3 0.563148 0.166563 0.008453 0.072250 
3 0.580992 0.059073 0.082516 0.062062 
3 0.515531 0.053208 0.010844 0.074333 
3 0.439734 0.061750 0.006813 0.066625 
3 0.398523 0.030573 0.057109 0.013562 
3 0.233750 0.308063 0.012063 0.089500 
3 0.302039 0.320365 0.043203 0.062104 
3 0.571477 0.171521 0.007047 0.067375 
3 0.668383 0.166427 0.008016 0.072854 
3 0.359375 0.112500 0.690625 0.220833 
3 0.359375 0.112500 0.690625 0.220833 
