6 0.520102 0.709000 0.124828 0.438203 
6 0.667430 0.597506 0.079859 0.190911 
6 0.170383 0.427190 0.074984 0.201620 
6 0.255898 0.370544 0.047047 0.089848 
6 0.836820 0.221354 0.030953 0.077949 
0 0.495008 0.513962 0.438609 0.827418 
0 0.622055 0.447076 0.237703 0.587823 
0 0.918562 0.419671 0.162875 0.415848 
0 0.978422 0.348089 0.043156 0.257291 
0 0.941672 0.171962 0.116656 0.147975 
0 0.263516 0.220228 0.061031 0.224709 
0 0.813273 0.172785 0.083922 0.178987 
0 0.226367 0.332962 0.125734 0.373266 
0 0.906453 0.181405 0.066938 0.157899 
0 0.161594 0.400101 0.253469 0.548861 
