4 0.401969 0.588760 0.156750 0.148312 
4 0.552352 0.580021 0.158578 0.138875 
4 0.059539 0.742792 0.119078 0.259792 
3 0.749906 0.306469 0.011687 0.069396 
3 0.887625 0.239937 0.017344 0.076417 
3 0.899609 0.329219 0.023969 0.079896 
3 0.913852 0.334375 0.025266 0.082792 
3 0.804914 0.398490 0.020859 0.071146 
3 0.776430 0.468187 0.018391 0.056250 
3 0.886531 0.502979 0.025906 0.076708 
3 0.900664 0.598719 0.077609 0.079562 
3 0.930656 0.431927 0.018406 0.060521 
3 0.874797 0.233427 0.018000 0.086063 
3 0.767031 0.221052 0.014188 0.075521 
3 0.933828 0.336427 0.033406 0.082604 
3 0.827875 0.403062 0.016250 0.070375 
3 0.842969 0.314583 0.310937 0.595833 
