6 0.559969 0.342588 0.028094 0.061850 
0 0.564305 0.452553 0.194859 0.487775 
0 0.677703 0.561932 0.441781 0.851358 
0 0.454414 0.501780 0.050797 0.205199 
0 0.277844 0.342892 0.019375 0.126487 
0 0.305711 0.306171 0.034266 0.090234 
0 0.343023 0.322354 0.028328 0.123068 
0 0.382258 0.285972 0.023828 0.074426 
0 0.445375 0.326827 0.024156 0.115152 
0 0.936258 0.316745 0.029328 0.121218 
0 0.399898 0.321616 0.018922 0.098595 
0 0.412305 0.272166 0.010391 0.010984 
0 0.422344 0.340597 0.020656 0.056417 
0 0.326555 0.290047 0.028047 0.051101 
0 0.912500 0.282201 0.131250 0.086651 
0 0.912500 0.282201 0.131250 0.086651 
0 0.912500 0.282201 0.131250 0.086651 
