7 0.529578 0.875375 0.073844 0.094917 
7 0.534914 0.761194 0.049609 0.113500 
7 0.420016 0.674181 0.026781 0.069806 
7 0.382367 0.645708 0.025703 0.029028 
7 0.299148 0.677542 0.028328 0.043028 
7 0.263672 0.677750 0.041844 0.046111 
7 0.917500 0.772236 0.045375 0.058083 
7 0.101594 0.825056 0.103094 0.168444 
7 0.559805 0.783806 0.066047 0.047056 
7 0.678227 0.767861 0.045016 0.115389 
7 0.755711 0.721611 0.054047 0.075833 
7 0.812516 0.750556 0.047313 0.106944 
7 0.498391 0.688486 0.061187 0.044361 
7 0.866297 0.775750 0.040375 0.089278 
7 0.359922 0.688861 0.053187 0.034278 
7 0.228047 0.682583 0.040719 0.035778 
7 0.920672 0.687264 0.028719 0.065750 
7 0.603109 0.621042 0.019938 0.020139 
7 0.508594 0.645833 0.979688 0.252778 
7 0.508594 0.645833 0.979688 0.252778 
