0 0.099477 0.564018 0.089359 0.346250 
0 0.177414 0.578085 0.075203 0.321964 
0 0.258992 0.561815 0.084734 0.335694 
0 0.325641 0.503780 0.068500 0.174742 
0 0.425008 0.574018 0.084172 0.349147 
0 0.490039 0.492847 0.063266 0.172282 
0 0.610219 0.569425 0.087219 0.324048 
0 0.691570 0.574157 0.081484 0.293512 
0 0.813133 0.597500 0.087641 0.358571 
0 0.902531 0.606746 0.099094 0.350556 
0 0.752789 0.604058 0.057422 0.307837 
6 0.489117 0.473165 0.009141 0.029306 
6 0.473867 0.584157 0.004953 0.008353 
6 0.892289 0.492490 0.005953 0.014544 
0 0.340062 0.652817 0.101969 0.243175 
0 0.538453 0.582798 0.082031 0.334563 
0 0.568750 0.666667 0.293750 0.305556 
