0 0.372555 0.590350 0.221516 0.727459 
0 0.734648 0.558357 0.353109 0.812517 
5 0.672133 0.638392 0.100203 0.106620 
6 0.396336 0.495023 0.038484 0.194522 
5 0.308859 0.503811 0.076094 0.115408 
3 0.079680 0.163904 0.022828 0.086410 
3 0.055688 0.274930 0.006031 0.087483 
3 0.074070 0.637179 0.013453 0.121026 
3 0.151289 0.637145 0.053484 0.029487 
3 0.145945 0.515233 0.044141 0.023240 
3 0.143281 0.436154 0.044500 0.016597 
3 0.085742 0.405536 0.026109 0.010093 
3 0.043266 0.671166 0.020375 0.137762 
3 0.049023 0.151259 0.009141 0.066434 
3 0.059172 0.501737 0.009094 0.097552 
3 0.145820 0.133811 0.045609 0.026270 
3 0.061953 0.650233 0.012500 0.106061 
3 0.075828 0.050350 0.007156 0.056830 
3 0.155469 0.356643 0.307812 0.713287 
