4 0.895594 0.587622 0.157562 0.416503 
0 0.483531 0.523030 0.283188 0.635944 
0 0.278086 0.541865 0.124234 0.760559 
0 0.133570 0.590711 0.264141 0.817366 
0 0.640789 0.505035 0.118672 0.487786 
0 0.178445 0.552786 0.182953 0.867995 
0 0.540328 0.458333 0.108813 0.459744 
5 0.386078 0.221713 0.030000 0.034103 
5 0.311008 0.630152 0.017609 0.015455 
5 0.264055 0.781072 0.032578 0.030070 
5 0.192047 0.735082 0.028313 0.038089 
5 0.777836 0.695583 0.042797 0.054848 
5 0.744508 0.685210 0.016891 0.043520 
