7 0.841852 0.276625 0.026828 0.029500 
7 0.865055 0.227969 0.018703 0.020188 
7 0.836648 0.221208 0.013672 0.016625 
7 0.520938 0.299083 0.014938 0.028000 
7 0.512469 0.270021 0.013344 0.019083 
7 0.584313 0.267292 0.011813 0.017417 
7 0.604000 0.243646 0.014188 0.018167 
7 0.358641 0.243458 0.016156 0.017292 
7 0.262539 0.259958 0.017016 0.017583 
7 0.240508 0.264875 0.012234 0.017750 
7 0.535367 0.207125 0.014609 0.015250 
7 0.488609 0.212958 0.011875 0.012833 
7 0.228234 0.267885 0.013594 0.016938 
7 0.539062 0.216667 0.918750 0.087500 
