7 0.942992 0.627026 0.067922 0.137330 
7 0.814172 0.604227 0.066062 0.137166 
7 0.737156 0.604906 0.073406 0.147611 
7 0.643477 0.579110 0.058266 0.129133 
7 0.541344 0.574309 0.049438 0.114239 
7 0.505625 0.542810 0.053750 0.129133 
7 0.386016 0.556745 0.085250 0.111007 
7 0.330586 0.521803 0.053391 0.119297 
7 0.281180 0.494906 0.026359 0.071077 
7 0.413602 0.506721 0.058453 0.095082 
7 0.220945 0.456838 0.051078 0.085386 
7 0.156250 0.451991 0.039906 0.086792 
7 0.482391 0.511920 0.046875 0.096628 
7 0.115516 0.456194 0.050375 0.089063 
7 0.203125 0.474239 0.306250 0.128806 
