4 0.654164 0.313594 0.261984 0.180646 
3 0.939484 0.089750 0.007031 0.058042 
3 0.897219 0.189948 0.007781 0.068687 
5 0.418414 0.594552 0.037547 0.023813 
3 0.907422 0.410552 0.018250 0.079562 
3 0.895203 0.500490 0.011906 0.079063 
2 0.839398 0.932427 0.185359 0.135146 
3 0.910938 0.314469 0.009562 0.075938 
3 0.884047 0.408031 0.015344 0.077937 
3 0.887406 0.512062 0.003969 0.050625 
3 0.878242 0.588823 0.007453 0.046521 
3 0.945453 0.315302 0.014031 0.080729 
3 0.874461 0.492010 0.020234 0.078396 
3 0.892500 0.091313 0.009219 0.062833 
3 0.966477 0.320042 0.017547 0.084250 
3 0.884867 0.497740 0.015766 0.077479 
3 0.592187 0.389583 0.812500 0.779167 
3 0.592187 0.389583 0.812500 0.779167 
