2 0.526828 0.690953 0.197125 0.270188 
2 0.325250 0.640459 0.103281 0.188776 
2 0.488563 0.425024 0.116281 0.192682 
2 0.442289 0.270753 0.108984 0.101082 
2 0.623234 0.442212 0.054125 0.107576 
2 0.396984 0.465588 0.118562 0.121906 
2 0.280523 0.465024 0.081172 0.110565 
2 0.583367 0.425494 0.105922 0.145435 
2 0.693148 0.443129 0.132516 0.238682 
2 0.398445 0.220659 0.097078 0.096941 
2 0.278766 0.362882 0.150656 0.197012 
2 0.415211 0.637835 0.162359 0.224847 
2 0.654344 0.616494 0.098812 0.131294 
2 0.457812 0.452941 0.615625 0.552941 
2 0.457812 0.452941 0.615625 0.552941 
