0 0.249609 0.370657 0.044969 0.189793 
0 0.126844 0.438445 0.053062 0.224954 
0 0.202367 0.410035 0.051703 0.212880 
0 0.310438 0.351532 0.053906 0.162558 
0 0.685195 0.087028 0.016266 0.065806 
0 0.898430 0.812200 0.101891 0.337673 
0 0.795367 0.741521 0.099641 0.312903 
0 0.032000 0.533710 0.064000 0.258433 
0 0.574172 0.931256 0.095656 0.137488 
0 0.699406 0.857984 0.098469 0.215553 
0 0.677008 0.898986 0.096516 0.198664 
0 0.790328 0.947051 0.079344 0.105899 
0 0.582203 0.851509 0.064406 0.150207 
6 0.883000 0.722788 0.011094 0.038433 
0 0.415625 0.500000 0.781250 0.995392 
0 0.415625 0.500000 0.781250 0.995392 
0 0.415625 0.500000 0.781250 0.995392 
