4 0.057102 0.419958 0.114203 0.158417 
3 0.466289 0.548594 0.144734 0.095562 
3 0.506109 0.436635 0.004625 0.081187 
3 0.677344 0.793635 0.015156 0.073771 
3 0.711125 0.917458 0.108781 0.115917 
3 0.717664 0.782854 0.011078 0.035833 
3 0.430734 0.435115 0.012094 0.081312 
3 0.450187 0.436104 0.012594 0.082500 
3 0.772016 0.820833 0.044812 0.092708 
3 0.395414 0.433396 0.009953 0.078208 
3 0.421492 0.433292 0.008828 0.081667 
3 0.460242 0.436125 0.011141 0.084333 
3 0.470383 0.436042 0.011484 0.082292 
3 0.485930 0.436000 0.018703 0.087250 
3 0.441570 0.435844 0.013203 0.084479 
3 0.702320 0.795625 0.015016 0.064292 
2 0.649016 0.663896 0.042594 0.095500 
2 0.514937 0.319625 0.041344 0.055458 
2 0.403984 0.252563 0.043250 0.069083 
2 0.464000 0.215833 0.074219 0.136958 
2 0.500992 0.222521 0.102828 0.140667 
3 0.579688 0.621875 0.368750 0.464583 
