7 0.711453 0.571358 0.067437 0.144075 
7 0.600250 0.492951 0.098469 0.143888 
7 0.612820 0.415082 0.034984 0.053349 
7 0.540383 0.436581 0.057891 0.121780 
7 0.599406 0.519356 0.076687 0.105785 
7 0.290891 0.469215 0.059406 0.093981 
7 0.480688 0.469532 0.054813 0.065995 
7 0.776586 0.563993 0.091484 0.135667 
7 0.463750 0.431616 0.062469 0.033255 
7 0.375500 0.415995 0.046062 0.081311 
7 0.406430 0.511054 0.103516 0.138735 
7 0.873477 0.541429 0.105234 0.196440 
7 0.144703 0.448232 0.016719 0.032061 
7 0.256250 0.396956 0.225000 0.156909 
