5 0.467164 0.596499 0.060109 0.019883 
3 0.285820 0.216054 0.009141 0.055152 
3 0.282234 0.092389 0.009281 0.054941 
3 0.217703 0.338560 0.009969 0.051452 
3 0.280367 0.161417 0.026984 0.053934 
3 0.251109 0.218349 0.005812 0.054403 
3 0.241680 0.216475 0.005453 0.052763 
3 0.230656 0.218173 0.016750 0.056487 
3 0.234859 0.161698 0.023938 0.053794 
3 0.264000 0.216721 0.008063 0.053302 
3 0.259102 0.339941 0.006203 0.055059 
3 0.230734 0.562728 0.064562 0.040913 
5 0.433031 0.571288 0.051938 0.026511 
3 0.310523 0.217810 0.007047 0.050281 
3 0.263281 0.275176 0.132812 0.433255 
3 0.263281 0.275176 0.132812 0.433255 
