4 0.045680 0.114208 0.086609 0.228000 
2 0.369977 0.620438 0.280453 0.282333 
3 0.459281 0.289833 0.016656 0.136500 
3 0.429344 0.288458 0.020719 0.141375 
3 0.429922 0.087385 0.016281 0.146896 
3 0.475180 0.289635 0.017547 0.134521 
3 0.643930 0.240885 0.019984 0.054312 
3 0.384719 0.271604 0.019062 0.117375 
3 0.381578 0.086125 0.021156 0.149542 
3 0.446031 0.291010 0.020531 0.136938 
3 0.566211 0.247500 0.016953 0.051625 
3 0.661281 0.241969 0.020875 0.053687 
3 0.494055 0.091896 0.020328 0.142625 
3 0.533203 0.094490 0.016156 0.138313 
3 0.549016 0.093948 0.015031 0.138854 
3 0.565625 0.190625 0.490625 0.381250 
3 0.565625 0.190625 0.490625 0.381250 
