0 0.264610 0.779773 0.353940 0.418000 
0 0.542440 0.435280 0.198040 0.336053 
0 0.897250 0.669227 0.205500 0.635147 
3 0.667480 0.213373 0.191240 0.136400 
1 0.442000 0.844600 0.012640 0.054320 
3 0.681540 0.114133 0.009800 0.063360 
3 0.675460 0.346587 0.011320 0.058827 
3 0.601330 0.342907 0.022340 0.070133 
3 0.658270 0.410827 0.010540 0.047253 
3 0.654110 0.469400 0.009260 0.047707 
3 0.669510 0.108160 0.180220 0.102667 
3 0.693680 0.346253 0.009040 0.054800 
3 0.633510 0.344827 0.013660 0.062133 
3 0.643580 0.471667 0.007720 0.050213 
0 0.235440 0.450733 0.164440 0.346053 
3 0.692620 0.407467 0.058000 0.055360 
