6 0.553047 0.353573 0.018094 0.104175 
6 0.842008 0.362847 0.044328 0.177607 
6 0.888000 0.394068 0.044750 0.172492 
6 0.931680 0.394670 0.052547 0.213597 
6 0.957742 0.627805 0.062047 0.216172 
6 0.891273 0.587946 0.041547 0.169719 
6 0.899297 0.761675 0.045156 0.172525 
6 0.846562 0.725545 0.044500 0.171122 
6 0.939523 0.819851 0.056484 0.227987 
6 0.849336 0.544406 0.041078 0.140990 
6 0.195930 0.335206 0.048734 0.030578 
6 0.874867 0.919488 0.075297 0.037492 
6 0.933859 0.179480 0.026875 0.201337 
6 0.901563 0.119637 0.037500 0.169967 
