4 0.203972 0.275496 0.221749 0.121135 
3 0.821631 0.419131 0.006005 0.043262 
3 0.590024 0.216472 0.014232 0.048582 
3 0.609492 0.299752 0.035721 0.043298 
3 0.766596 0.545656 0.054043 0.067376 
3 0.612139 0.217979 0.029622 0.053511 
3 0.580024 0.290035 0.047754 0.052589 
3 0.624113 0.359495 0.027801 0.035337 
3 0.842069 0.421800 0.032222 0.044309 
3 0.769586 0.478324 0.023570 0.060656 
3 0.805981 0.490266 0.037541 0.053014 
3 0.579574 0.345053 0.012813 0.037163 
3 0.820083 0.417633 0.010236 0.044202 
5 0.084173 0.470328 0.055106 0.009770 
5 0.114882 0.456161 0.033972 0.014131 
3 0.889563 0.525284 0.037281 0.033901 
3 0.693853 0.281028 0.295508 0.203901 
3 0.693853 0.281028 0.295508 0.203901 
