0 0.557193 0.433150 0.571025 0.806740 
5 0.769734 0.369890 0.161352 0.024020 
5 0.416947 0.753830 0.179057 0.082660 
5 0.487500 0.973310 0.143607 0.053380 
3 0.062500 0.112540 0.054590 0.103920 
3 0.093156 0.112540 0.046393 0.106080 
3 0.133176 0.229380 0.037746 0.092640 
3 0.055635 0.310050 0.084467 0.079660 
3 0.108811 0.226960 0.048197 0.092400 
3 0.091537 0.024530 0.032664 0.049060 
3 0.124611 0.115310 0.038975 0.104620 
3 0.039529 0.118760 0.033566 0.071920 
3 0.108422 0.120560 0.030779 0.097880 
3 0.119775 0.080520 0.037254 0.025960 
3 0.128934 0.024320 0.041393 0.048640 
3 0.065061 0.026870 0.017664 0.044420 
3 0.086578 0.222790 0.046680 0.092340 
0 0.351557 0.787090 0.503115 0.376100 
3 0.071721 0.174000 0.135246 0.348000 
