4 0.806461 0.425844 0.247766 0.244937 
5 0.706695 0.662375 0.039078 0.020375 
5 0.687711 0.653687 0.035672 0.020458 
3 0.555781 0.311073 0.006031 0.039229 
3 0.548117 0.381312 0.077391 0.043500 
3 0.471945 0.388094 0.018266 0.043854 
3 0.561469 0.452844 0.004656 0.041104 
3 0.573273 0.310083 0.007172 0.043583 
3 0.573961 0.519198 0.004672 0.041813 
3 0.578687 0.518010 0.007938 0.038812 
3 0.468609 0.512188 0.003375 0.017667 
3 0.550133 0.452813 0.080328 0.046625 
3 0.584125 0.305885 0.012406 0.046812 
3 0.564305 0.309448 0.011703 0.041604 
3 0.530039 0.306635 0.048109 0.055229 
3 0.483469 0.316750 0.005781 0.042333 
3 0.557813 0.440625 0.359375 0.372917 
3 0.557813 0.440625 0.359375 0.372917 
