0 0.376520 0.367400 0.070480 0.200560 
3 0.793910 0.714640 0.121140 0.057973 
3 0.818410 0.627107 0.119780 0.077520 
3 0.790480 0.612080 0.085200 0.054720 
3 0.242920 0.692493 0.101160 0.066107 
4 0.484370 0.471360 0.144540 0.195307 
4 0.223630 0.388200 0.105460 0.130213 
4 0.478700 0.320480 0.051560 0.078987 
4 0.143440 0.384160 0.063480 0.131413 
4 0.705410 0.299987 0.056500 0.073093 
4 0.638280 0.481733 0.161680 0.216320 
4 0.759620 0.304160 0.063240 0.075893 
4 0.424480 0.315827 0.056840 0.074320 
4 0.515080 0.284133 0.050200 0.062720 
