4 0.188760 0.393258 0.113854 0.238203 
0 0.435438 0.499547 0.444458 0.972969 
8 0.833875 0.388125 0.043708 0.077906 
3 0.706552 0.363766 0.007521 0.028594 
3 0.748073 0.359461 0.016479 0.039609 
3 0.699844 0.364492 0.008563 0.027828 
3 0.690063 0.361820 0.014083 0.031891 
3 0.764229 0.362969 0.012750 0.041219 
3 0.682719 0.357945 0.021271 0.040359 
3 0.719813 0.364086 0.010583 0.029141 
3 0.732469 0.360750 0.011479 0.037625 
2 0.074052 0.580000 0.094396 0.072938 
5 0.545302 0.089523 0.067979 0.114734 
3 0.725781 0.364984 0.004729 0.030094 
