1 0.916711 0.287677 0.075984 0.045354 
3 0.686250 0.653854 0.021125 0.189667 
3 0.852375 0.699271 0.064125 0.219625 
3 0.763594 0.650135 0.065469 0.268229 
3 0.673914 0.654417 0.029047 0.205875 
3 0.727805 0.639979 0.031797 0.225167 
3 0.809781 0.689115 0.049125 0.199271 
3 0.821250 0.688969 0.045531 0.191646 
3 0.900703 0.710135 0.041531 0.192521 
3 0.922609 0.714490 0.052656 0.192396 
3 0.709922 0.652646 0.041625 0.225875 
3 0.661898 0.631260 0.054297 0.280729 
3 0.619641 0.626865 0.031187 0.270313 
3 0.882914 0.710333 0.038609 0.205875 
3 0.785156 0.652083 0.348438 0.300000 
