3 0.633211 0.407792 0.009672 0.072917 
3 0.638164 0.308573 0.012953 0.098354 
3 0.650891 0.308844 0.013062 0.094854 
3 0.785844 0.292115 0.011469 0.082521 
3 0.771297 0.430656 0.015531 0.007771 
3 0.747133 0.378417 0.031391 0.008708 
3 0.694359 0.406948 0.006438 0.038146 
3 0.665266 0.389437 0.021063 0.026250 
3 0.630266 0.313937 0.007344 0.083542 
3 0.770805 0.505188 0.010953 0.040125 
3 0.644242 0.501479 0.036359 0.014167 
3 0.640305 0.522469 0.034391 0.010229 
3 0.704688 0.484375 0.200000 0.281250 
