4 0.669950 0.204525 0.339620 0.342650 
3 0.225950 0.091163 0.060340 0.039775 
3 0.238390 0.141800 0.057660 0.078750 
3 0.297940 0.130788 0.069840 0.045275 
3 0.287130 0.048812 0.067780 0.036225 
3 0.296000 0.102250 0.067240 0.037200 
3 0.412010 0.903975 0.342980 0.171950 
3 0.873650 0.823275 0.248900 0.092050 
3 0.287690 0.216175 0.106140 0.033350 
3 0.226630 0.068575 0.068020 0.040100 
3 0.277690 0.020688 0.063180 0.020325 
3 0.291630 0.254337 0.109820 0.034125 
3 0.292620 0.071212 0.055440 0.034325 
3 0.888400 0.876687 0.199320 0.122325 
3 0.561000 0.145000 0.846000 0.275000 
