0 0.667961 0.389948 0.234828 0.295854 
0 0.346516 0.718323 0.345844 0.405313 
5 0.860281 0.580531 0.078031 0.064396 
3 0.061523 0.394375 0.089328 0.069667 
3 0.180250 0.452781 0.063375 0.106062 
3 0.148164 0.330969 0.024734 0.112854 
3 0.072211 0.493760 0.054922 0.110479 
3 0.161547 0.331771 0.026969 0.110625 
3 0.939031 0.095229 0.014031 0.064542 
3 0.062195 0.502750 0.054672 0.114292 
3 0.967055 0.243438 0.013578 0.066375 
3 0.984812 0.384208 0.030375 0.068333 
0 0.421039 0.515292 0.170766 0.313958 
5 0.471414 0.684792 0.020391 0.035917 
5 0.487219 0.524281 0.018656 0.034063 
5 0.848492 0.536417 0.080266 0.030458 
3 0.103578 0.496802 0.030219 0.076521 
0 0.623508 0.642365 0.288578 0.135604 
