0 0.780896 0.924828 0.078542 0.147281 
0 0.341635 0.862211 0.026562 0.029766 
0 0.368073 0.873883 0.024104 0.054609 
0 0.844948 0.914609 0.083896 0.143813 
0 0.928292 0.882461 0.029500 0.064359 
0 0.106583 0.881039 0.024708 0.035109 
0 0.354625 0.890273 0.016042 0.054609 
0 0.296875 0.889250 0.032583 0.063625 
0 0.451542 0.872367 0.019000 0.056484 
0 0.628063 0.873266 0.021875 0.052562 
2 0.422469 0.394383 0.425479 0.433703 
0 0.470625 0.872641 0.016292 0.058906 
0 0.319510 0.871930 0.024729 0.062641 
