3 0.112053 0.605090 0.006240 0.021740 
3 0.154987 0.577230 0.008480 0.016940 
3 0.109667 0.566200 0.007707 0.017360 
3 0.027093 0.599980 0.031307 0.014280 
3 0.057427 0.589290 0.008187 0.024180 
3 0.108013 0.605400 0.006960 0.020280 
3 0.026840 0.610190 0.031973 0.012140 
3 0.223707 0.591740 0.049440 0.031560 
3 0.252413 0.600750 0.007387 0.014180 
3 0.131293 0.610080 0.029253 0.025720 
3 0.050813 0.588940 0.006267 0.019440 
3 0.055333 0.616640 0.010773 0.021680 
3 0.083707 0.598350 0.014667 0.024980 
3 0.176000 0.596000 0.240000 0.104000 
