7 0.126398 0.801594 0.033484 0.036979 
7 0.437094 0.831438 0.074187 0.126875 
7 0.477023 0.850167 0.032422 0.056833 
7 0.567945 0.777823 0.053734 0.064313 
7 0.699398 0.803677 0.055109 0.076563 
7 0.749523 0.775521 0.044078 0.061125 
7 0.628969 0.791802 0.036312 0.040813 
7 0.116406 0.788583 0.057906 0.056417 
7 0.109125 0.735812 0.027719 0.018625 
7 0.561359 0.796375 0.025625 0.045042 
7 0.211703 0.712896 0.014156 0.017417 
7 0.868703 0.718917 0.026875 0.013750 
7 0.772367 0.623781 0.009859 0.009437 
7 0.525000 0.713542 0.946875 0.260417 
7 0.525000 0.713542 0.946875 0.260417 
