7 0.704437 0.560295 0.163500 0.324033 
7 0.830898 0.256934 0.148266 0.149528 
7 0.865688 0.169800 0.092094 0.073042 
7 0.305375 0.149847 0.083469 0.102524 
7 0.230836 0.114151 0.040828 0.076415 
7 0.832008 0.082724 0.057984 0.057948 
7 0.327133 0.864717 0.132578 0.111179 
7 0.337797 0.651002 0.146875 0.083986 
7 0.775875 0.142594 0.081031 0.041934 
7 0.204320 0.834186 0.121953 0.137193 
7 0.524359 0.110519 0.026687 0.041038 
7 0.539727 0.099870 0.060297 0.069552 
7 0.682453 0.342370 0.040313 0.047052 
7 0.492969 0.141509 0.717187 0.117925 
