3 0.595945 0.775354 0.196922 0.230250 
3 0.380898 0.771906 0.269672 0.249438 
3 0.564406 0.868365 0.337906 0.263271 
3 0.815023 0.564667 0.154109 0.175333 
3 0.834273 0.738208 0.165172 0.195500 
3 0.957594 0.550865 0.084812 0.429729 
2 0.509523 0.369094 0.262328 0.423771 
3 0.747922 0.581948 0.173937 0.173104 
3 0.228883 0.781604 0.137391 0.134083 
3 0.085492 0.787312 0.169828 0.262792 
3 0.187922 0.585542 0.210687 0.132583 
3 0.301320 0.949427 0.118984 0.097854 
3 0.172461 0.936208 0.190859 0.127583 
3 0.241695 0.636479 0.173859 0.172708 
3 0.499219 0.668750 0.998437 0.658333 
