4 0.404396 0.432203 0.056708 0.144781 
4 0.507844 0.438781 0.106062 0.155906 
4 0.295948 0.630711 0.120063 0.319234 
4 0.946229 0.275555 0.093208 0.053297 
4 0.766437 0.278469 0.090167 0.073094 
4 0.587854 0.275523 0.080417 0.058203 
4 0.854625 0.254547 0.070000 0.045188 
4 0.959438 0.295000 0.077833 0.048969 
4 0.491167 0.288687 0.014833 0.038000 
4 0.438250 0.369719 0.030375 0.070156 
4 0.468865 0.329008 0.028729 0.075266 
4 0.512573 0.307609 0.025771 0.054156 
4 0.451698 0.637852 0.166354 0.365016 
