7 0.876547 0.614615 0.009469 0.006188 
7 0.933492 0.612729 0.011391 0.008500 
7 0.856773 0.618187 0.008922 0.008667 
7 0.825172 0.620458 0.004281 0.009292 
7 0.828844 0.620406 0.002812 0.004979 
7 0.833094 0.620448 0.005656 0.007354 
0 0.441187 0.614948 0.007344 0.023062 
0 0.345539 0.640115 0.014828 0.050937 
0 0.924242 0.570708 0.016766 0.017917 
0 0.354570 0.657490 0.005109 0.008937 
0 0.473414 0.714250 0.008453 0.047792 
7 0.865125 0.614823 0.008313 0.011479 
7 0.869070 0.617458 0.005891 0.006042 
7 0.881914 0.613615 0.006703 0.008021 
7 0.906313 0.614917 0.008719 0.009875 
7 0.979047 0.602677 0.004031 0.004938 
7 0.972883 0.605490 0.004422 0.007229 
