7 0.396148 0.748923 0.510453 0.476300 
7 0.257383 0.515094 0.347984 0.278009 
7 0.327375 0.273220 0.351094 0.179087 
7 0.772875 0.741206 0.454250 0.483958 
7 0.073813 0.809110 0.144719 0.355738 
7 0.091180 0.354930 0.176922 0.217963 
7 0.524781 0.467787 0.229344 0.188923 
7 0.276391 0.365047 0.357313 0.143115 
7 0.516141 0.350445 0.182719 0.143794 
7 0.709914 0.921347 0.379328 0.130328 
7 0.046789 0.520773 0.093578 0.319485 
7 0.737219 0.517143 0.236031 0.198642 
7 0.878406 0.537927 0.243187 0.235761 
7 0.365625 0.291569 0.731250 0.339578 
7 0.365625 0.291569 0.731250 0.339578 
