2 0.733906 0.287635 0.355344 0.575269 
2 0.129789 0.554040 0.181453 0.592295 
2 0.263875 0.440445 0.242875 0.575269 
2 0.392820 0.475281 0.233891 0.595527 
2 0.083211 0.670796 0.163422 0.204496 
2 0.336328 0.884321 0.218312 0.231358 
2 0.534078 0.830796 0.248219 0.152319 
2 0.704000 0.687705 0.414813 0.314614 
2 0.895813 0.764052 0.208375 0.404496 
2 0.726383 0.321124 0.115453 0.217237 
2 0.556977 0.593009 0.276859 0.336183 
2 0.904875 0.543208 0.190062 0.247681 
2 0.519570 0.212389 0.236297 0.396674 
2 0.664062 0.467213 0.306250 0.362998 
