3 0.970617 0.293042 0.014984 0.084625 
3 0.824742 0.264865 0.012172 0.087604 
3 0.940555 0.281729 0.118891 0.109833 
3 0.840742 0.276146 0.014922 0.067542 
3 0.850781 0.041177 0.007875 0.049854 
3 0.802672 0.345594 0.097375 0.063354 
3 0.933883 0.375260 0.006078 0.025104 
3 0.829867 0.165771 0.093266 0.099917 
3 0.907180 0.361615 0.030297 0.046312 
3 0.865906 0.037302 0.013500 0.071563 
3 0.790359 0.233604 0.005875 0.039167 
3 0.816422 0.262031 0.014438 0.088771 
3 0.981102 0.392208 0.016609 0.093000 
3 0.871094 0.231250 0.254688 0.462500 
3 0.871094 0.231250 0.254688 0.462500 
