0 0.449026 0.767039 0.317347 0.433703 
0 0.281373 0.703391 0.182230 0.483938 
0 0.673697 0.635656 0.437911 0.706281 
4 0.054847 0.740273 0.109695 0.367672 
8 0.533415 0.385391 0.695469 0.532594 
3 0.148709 0.591617 0.041925 0.086109 
3 0.131432 0.595266 0.026009 0.076063 
3 0.120469 0.507773 0.098075 0.014672 
3 0.119331 0.441086 0.095329 0.008297 
3 0.122664 0.451906 0.098521 0.007000 
3 0.119977 0.428367 0.093239 0.007797 
3 0.126326 0.522836 0.106690 0.007578 
3 0.043826 0.508672 0.021408 0.061750 
3 0.151115 0.857773 0.073545 0.019578 
3 0.119319 0.411844 0.090094 0.005156 
3 0.117394 0.417398 0.095587 0.007172 
3 0.152711 0.706102 0.052981 0.008953 
3 0.120423 0.500398 0.096620 0.007766 
3 0.097418 0.585938 0.194836 0.603125 
3 0.097418 0.585938 0.194836 0.603125 
3 0.097418 0.585938 0.194836 0.603125 
