5 0.374156 0.879941 0.037594 0.068033 
5 0.468875 0.932412 0.067125 0.061780 
3 0.928367 0.373501 0.013922 0.073232 
3 0.971945 0.470691 0.021297 0.072342 
3 0.824977 0.679251 0.014859 0.070492 
3 0.932961 0.738150 0.074516 0.107400 
3 0.954758 0.381042 0.017078 0.066300 
3 0.844609 0.674988 0.030062 0.095972 
3 0.981641 0.765878 0.015750 0.050070 
8 0.329219 0.388689 0.051406 0.160656 
3 0.821828 0.365574 0.013813 0.065340 
3 0.914313 0.370269 0.025594 0.076979 
3 0.848102 0.375738 0.007297 0.048056 
3 0.948594 0.377166 0.016938 0.068899 
3 0.920187 0.376194 0.017625 0.068595 
3 0.874258 0.378724 0.052234 0.057307 
3 0.889062 0.563232 0.218750 0.475410 
3 0.889062 0.563232 0.218750 0.475410 
3 0.889062 0.563232 0.218750 0.475410 
