0 0.767594 0.571615 0.461813 0.856771 
0 0.288203 0.540448 0.573031 0.878646 
3 0.448461 0.264937 0.047547 0.109958 
3 0.064719 0.213583 0.011625 0.060583 
3 0.373875 0.410458 0.010562 0.089500 
3 0.455359 0.403094 0.046219 0.103688 
3 0.402148 0.272344 0.046578 0.102521 
3 0.342062 0.285708 0.020969 0.090208 
3 0.400320 0.151219 0.008609 0.080479 
3 0.392789 0.410344 0.035953 0.088021 
3 0.538219 0.579865 0.060250 0.085312 
3 0.418367 0.279813 0.015109 0.088250 
3 0.370977 0.284052 0.024109 0.085854 
3 0.366734 0.412573 0.009844 0.090563 
3 0.514609 0.405187 0.072156 0.097708 
3 0.321094 0.329167 0.639062 0.533333 
