0 0.700375 0.640984 0.188062 0.289368 
0 0.689250 0.558888 0.038281 0.037166 
0 0.619750 0.620422 0.083000 0.171663 
0 0.898031 0.667400 0.128594 0.308525 
0 0.484945 0.591780 0.107453 0.206979 
0 0.099805 0.620269 0.073047 0.233888 
0 0.749508 0.491604 0.039047 0.118806 
0 0.521703 0.532611 0.033719 0.212342 
0 0.166313 0.585351 0.032844 0.139461 
2 0.947727 0.642447 0.104547 0.240632 
0 0.799688 0.531194 0.039500 0.073396 
0 0.695922 0.522447 0.025344 0.043817 
0 0.499359 0.552588 0.021406 0.108033 
0 0.350000 0.670293 0.150562 0.370749 
