0 0.675490 0.501781 0.647354 0.783781 
0 0.225250 0.305906 0.450500 0.611812 
0 0.468135 0.265828 0.126188 0.149594 
0 0.578604 0.311180 0.123458 0.342922 
1 0.565781 0.853063 0.078229 0.090688 
1 0.361802 0.689977 0.067146 0.101234 
0 0.377604 0.123031 0.072292 0.044938 
0 0.966771 0.149305 0.066458 0.119391 
0 0.927823 0.310164 0.144354 0.071203 
0 0.903125 0.258523 0.083208 0.072234 
0 0.426385 0.144461 0.053229 0.097328 
0 0.509365 0.431117 0.109521 0.193266 
0 0.472635 0.310000 0.134563 0.134031 
