3 0.638402 0.671219 0.083703 0.142969 
3 0.497975 0.499609 0.760506 0.175375 
3 0.812263 0.676703 0.111867 0.145625 
3 0.388449 0.674781 0.030127 0.138000 
3 0.184288 0.221141 0.073892 0.089969 
3 0.224984 0.224000 0.043892 0.082656 
3 0.425142 0.226000 0.040348 0.087406 
3 0.711915 0.674656 0.116741 0.140281 
3 0.379241 0.232789 0.040949 0.074484 
3 0.454098 0.225625 0.036867 0.093937 
3 0.187896 0.669156 0.044778 0.136094 
3 0.367041 0.350891 0.049842 0.109250 
3 0.398623 0.339867 0.036171 0.095234 
3 0.542722 0.461719 0.908228 0.582812 
3 0.542722 0.461719 0.908228 0.582812 
