7 0.579023 0.546136 0.292297 0.331335 
7 0.696477 0.319274 0.264297 0.364028 
7 0.137086 0.114672 0.037672 0.046066 
7 0.181727 0.123115 0.036484 0.044731 
7 0.290656 0.116979 0.033750 0.058923 
7 0.808742 0.142834 0.027328 0.037471 
7 0.117086 0.128630 0.077016 0.093888 
7 0.429859 0.127143 0.043000 0.035269 
7 0.410602 0.528852 0.124641 0.268009 
7 0.503406 0.409707 0.289344 0.318899 
7 0.731586 0.138138 0.034453 0.038571 
7 0.607508 0.124567 0.051922 0.062904 
7 0.508234 0.127026 0.030937 0.043138 
7 0.649664 0.158970 0.056109 0.086511 
7 0.573438 0.354801 0.850000 0.709602 
7 0.573438 0.354801 0.850000 0.709602 
