6 0.168508 0.280552 0.010984 0.046729 
0 0.286117 0.226865 0.325047 0.248312 
0 0.914609 0.752125 0.170781 0.364042 
0 0.542320 0.304927 0.233734 0.457396 
0 0.901125 0.317979 0.197750 0.424708 
0 0.264695 0.169708 0.024172 0.068250 
0 0.869500 0.278813 0.076406 0.085292 
0 0.682039 0.082125 0.050547 0.057208 
0 0.131258 0.237948 0.228766 0.278562 
0 0.418875 0.083198 0.121094 0.166396 
0 0.216867 0.153125 0.053203 0.102750 
0 0.082484 0.141510 0.052750 0.113937 
0 0.713961 0.153250 0.188953 0.306500 
0 0.029539 0.156760 0.059078 0.086313 
