4 0.961605 0.308750 0.076790 0.115179 
0 0.486593 0.375283 0.096938 0.638185 
0 0.357062 0.536548 0.284691 0.422500 
0 0.226346 0.673839 0.215407 0.625952 
0 0.775741 0.299926 0.130593 0.350863 
0 0.128753 0.327217 0.061654 0.120030 
5 0.657605 0.671979 0.052642 0.048958 
0 0.346284 0.341890 0.133753 0.128720 
0 0.029580 0.332902 0.059160 0.088780 
0 0.560469 0.304122 0.032296 0.053006 
5 0.365259 0.529226 0.056593 0.037024 
5 0.291778 0.566086 0.059407 0.040268 
0 0.577617 0.262515 0.037605 0.149077 
0 0.652765 0.329985 0.192296 0.626637 
0 0.628259 0.129018 0.057506 0.104881 
