0 0.617141 0.620410 0.042375 0.230796 
0 0.434211 0.583384 0.053891 0.137963 
0 0.465922 0.589133 0.022312 0.126745 
0 0.436898 0.271358 0.044297 0.087494 
0 0.369344 0.300129 0.017344 0.063770 
0 0.979844 0.615890 0.040313 0.192155 
0 0.949016 0.591803 0.034656 0.164356 
6 0.045711 0.594824 0.004703 0.024731 
0 0.051812 0.616347 0.040469 0.105855 
0 0.080328 0.611148 0.018031 0.080656 
0 0.901734 0.567670 0.024969 0.083255 
0 0.869867 0.462424 0.021297 0.059227 
0 0.843359 0.450515 0.020563 0.037705 
0 0.951109 0.486159 0.014844 0.051663 
0 0.553906 0.428571 0.845313 0.351288 
