4 0.197178 0.577133 0.115956 0.083333 
3 0.343589 0.466350 0.006911 0.036933 
3 0.304722 0.358658 0.091444 0.060217 
3 0.439689 0.346958 0.031822 0.058783 
3 0.415800 0.515967 0.104978 0.050333 
3 0.296133 0.516583 0.006978 0.033533 
3 0.303300 0.467308 0.089622 0.037617 
3 0.441544 0.628250 0.059267 0.063367 
3 0.405267 0.350625 0.008000 0.054350 
3 0.306456 0.414950 0.093489 0.039633 
3 0.342989 0.517658 0.018200 0.033883 
3 0.428778 0.570858 0.012844 0.040017 
3 0.339322 0.616358 0.006156 0.045050 
3 0.457044 0.345242 0.022800 0.062050 
3 0.368889 0.477500 0.213333 0.315000 
