0 0.322646 0.822273 0.189500 0.355453 
0 0.087938 0.841070 0.175875 0.317859 
0 0.762406 0.767047 0.196104 0.435125 
0 0.639437 0.532133 0.178958 0.193141 
0 0.088729 0.614266 0.177458 0.248719 
0 0.228094 0.690328 0.212854 0.340250 
0 0.242812 0.525516 0.043042 0.065000 
0 0.583760 0.695398 0.051771 0.178453 
0 0.370667 0.525711 0.068167 0.085953 
6 0.139708 0.602352 0.021875 0.079328 
0 0.517552 0.533453 0.053812 0.108531 
0 0.493229 0.507180 0.026375 0.025516 
0 0.746208 0.471453 0.140417 0.070875 
0 0.483635 0.760141 0.183438 0.467750 
