0 0.578766 0.599885 0.497031 0.800229 
0 0.864047 0.426969 0.271906 0.588771 
0 0.802836 0.194448 0.135172 0.247562 
0 0.866969 0.147698 0.044250 0.103813 
0 0.306750 0.162219 0.096781 0.218812 
0 0.606586 0.143000 0.144297 0.141583 
0 0.381352 0.263021 0.235484 0.483208 
0 0.279547 0.105719 0.047531 0.143313 
0 0.239438 0.073948 0.044531 0.094229 
0 0.096117 0.096365 0.095859 0.161104 
0 0.163281 0.054635 0.061969 0.078188 
0 0.031633 0.070510 0.063266 0.110104 
4 0.591578 0.041719 0.198875 0.078646 
0 0.751734 0.086521 0.090250 0.170958 
0 0.347656 0.077083 0.057813 0.112500 
