8 0.979500 0.387617 0.039062 0.239648 
3 0.089055 0.184437 0.010797 0.056009 
3 0.203500 0.213075 0.007656 0.037371 
3 0.115609 0.191995 0.004750 0.046620 
3 0.106141 0.187488 0.020000 0.055446 
3 0.147391 0.150070 0.021750 0.010563 
3 0.254516 0.225622 0.003188 0.039883 
3 0.221016 0.217230 0.009500 0.042207 
3 0.258898 0.225998 0.005016 0.037254 
3 0.301266 0.339660 0.025375 0.039507 
3 0.076133 0.183192 0.017047 0.054319 
3 0.106375 0.105986 0.006781 0.020141 
3 0.251117 0.223333 0.004641 0.044742 
3 0.146750 0.155258 0.022000 0.008592 
3 0.192188 0.192488 0.268750 0.248826 
