0 0.697313 0.553812 0.605375 0.838562 
5 0.970125 0.388477 0.059625 0.030922 
5 0.071406 0.542820 0.065937 0.013641 
5 0.033427 0.545063 0.022979 0.012406 
3 0.104177 0.752570 0.170854 0.056734 
3 0.044250 0.573828 0.088500 0.056313 
3 0.037344 0.529273 0.074688 0.030703 
3 0.984042 0.302156 0.017125 0.057313 
3 0.948104 0.301391 0.007333 0.057094 
3 0.908781 0.297500 0.015896 0.056625 
3 0.928021 0.294922 0.025083 0.058937 
3 0.956438 0.302320 0.008542 0.054109 
3 0.101354 0.786289 0.176042 0.016422 
