8 0.867133 0.443823 0.106172 0.442688 
3 0.058867 0.711677 0.066797 0.128854 
3 0.071820 0.568104 0.054922 0.122042 
3 0.068406 0.428302 0.016469 0.108021 
3 0.088805 0.703229 0.057891 0.121542 
3 0.088750 0.419927 0.021406 0.127479 
3 0.046570 0.430854 0.008922 0.113208 
3 0.110430 0.697604 0.062297 0.114500 
3 0.143422 0.562135 0.022031 0.097937 
3 0.106906 0.560188 0.047813 0.117250 
3 0.094961 0.569906 0.033734 0.110521 
3 0.074813 0.583031 0.023375 0.092521 
3 0.046430 0.592688 0.019328 0.091833 
3 0.007125 0.430729 0.012750 0.129833 
4 0.332141 0.516094 0.231813 0.275313 
3 0.300000 0.591667 0.596875 0.500000 
3 0.300000 0.591667 0.596875 0.500000 
3 0.300000 0.591667 0.596875 0.500000 
