7 0.797867 0.829667 0.070672 0.112848 
7 0.645039 0.762495 0.041141 0.079709 
7 0.621281 0.665790 0.037062 0.041975 
7 0.571070 0.574979 0.031078 0.019938 
7 0.429008 0.791237 0.104266 0.056071 
7 0.129562 0.805083 0.088563 0.041310 
7 0.923445 0.610582 0.017234 0.021538 
7 0.270469 0.810353 0.102031 0.052807 
7 0.912859 0.603763 0.027687 0.023867 
7 0.848164 0.598555 0.016672 0.011247 
7 0.979375 0.639428 0.028250 0.030374 
7 0.418680 0.558825 0.014359 0.009709 
7 0.808320 0.572848 0.011047 0.039584 
7 0.688281 0.592516 0.620313 0.116424 
7 0.688281 0.592516 0.620313 0.116424 
