0 0.057852 0.404274 0.112703 0.617119 
0 0.703172 0.495504 0.263875 0.820234 
0 0.297617 0.625843 0.301359 0.604473 
0 0.309438 0.175258 0.206281 0.339836 
3 0.727133 0.466276 0.141734 0.028946 
3 0.506906 0.310222 0.061781 0.057775 
3 0.849648 0.309696 0.070859 0.091054 
3 0.924500 0.427155 0.060250 0.073044 
3 0.855586 0.547307 0.064797 0.073068 
3 0.168094 0.041979 0.060562 0.069719 
3 0.394305 0.313689 0.033328 0.054918 
3 0.441750 0.316382 0.062750 0.050843 
3 0.569734 0.308759 0.042594 0.075457 
3 0.828781 0.433044 0.030531 0.057611 
3 0.907922 0.538642 0.026281 0.091616 
