3 0.164067 0.356742 0.056502 0.021234 
3 0.097124 0.358711 0.068412 0.014109 
3 0.089549 0.370422 0.066309 0.008563 
3 0.097897 0.326477 0.051459 0.009859 
3 0.091137 0.343805 0.063176 0.012578 
3 0.079946 0.328086 0.092210 0.021641 
3 0.160601 0.341070 0.062918 0.011109 
3 0.182736 0.408813 0.052296 0.048406 
3 0.158670 0.348320 0.056052 0.010922 
3 0.094957 0.418898 0.018927 0.054016 
3 0.167994 0.315203 0.076373 0.021188 
3 0.091942 0.311320 0.076073 0.030703 
3 0.173648 0.331141 0.051845 0.008469 
3 0.125536 0.378125 0.178112 0.128125 
3 0.125536 0.378125 0.178112 0.128125 
