7 0.128422 0.668501 0.251063 0.303232 
7 0.267633 0.538981 0.177578 0.080960 
7 0.456719 0.688782 0.235750 0.398361 
7 0.234414 0.700445 0.294516 0.371616 
7 0.640945 0.658431 0.289359 0.386511 
7 0.826117 0.702119 0.172266 0.426440 
7 0.677992 0.675831 0.223203 0.314895 
7 0.448414 0.505293 0.088422 0.096909 
7 0.416766 0.760117 0.050813 0.118501 
7 0.297758 0.504133 0.114172 0.040679 
7 0.050945 0.615457 0.101484 0.264450 
7 0.712922 0.614485 0.156781 0.329672 
7 0.607914 0.526019 0.086359 0.032365 
7 0.399219 0.644028 0.745313 0.421546 
