7 0.469484 0.780925 0.021094 0.034356 
7 0.321758 0.759403 0.030391 0.030656 
7 0.580945 0.805679 0.034609 0.037635 
7 0.717188 0.855222 0.032063 0.034567 
7 0.766461 0.869977 0.034172 0.028852 
7 0.644469 0.754789 0.020906 0.017400 
7 0.690812 0.762752 0.015000 0.023396 
7 0.343961 0.756464 0.018359 0.029227 
7 0.452742 0.772002 0.029422 0.034590 
7 0.674039 0.763232 0.021203 0.019532 
7 0.714289 0.777061 0.022859 0.017728 
7 0.701367 0.768653 0.011516 0.013841 
7 0.319656 0.741581 0.022781 0.021054 
7 0.448438 0.509368 0.184375 0.081967 
7 0.448438 0.509368 0.184375 0.081967 
