4 0.835555 0.416148 0.240641 0.533616 
1 0.810609 0.826777 0.024594 0.066384 
3 0.480953 0.814182 0.190531 0.141761 
3 0.482305 0.673789 0.005891 0.178711 
3 0.490875 0.671635 0.012000 0.172956 
3 0.356281 0.667547 0.025281 0.242579 
3 0.621586 0.706399 0.072422 0.276824 
3 0.573141 0.706871 0.027156 0.268208 
3 0.314680 0.616462 0.072391 0.233616 
5 0.667125 0.897956 0.022469 0.026667 
5 0.278320 0.847374 0.067828 0.056698 
3 0.336555 0.696682 0.015734 0.210283 
3 0.525195 0.664167 0.022672 0.196887 
3 0.544625 0.670126 0.023219 0.202579 
3 0.532180 0.666116 0.016172 0.198774 
3 0.473258 0.673616 0.006109 0.180063 
3 0.406609 0.677123 0.013562 0.199088 
