6 0.353344 0.393738 0.017688 0.111636 
6 0.500930 0.326507 0.024672 0.103949 
6 0.195633 0.324264 0.009641 0.036192 
0 0.257414 0.543014 0.172047 0.605234 
0 0.887406 0.553937 0.130750 0.617967 
0 0.349008 0.525164 0.136078 0.568925 
0 0.559406 0.599603 0.182375 0.552290 
0 0.652641 0.494042 0.141906 0.625280 
0 0.799492 0.577523 0.159297 0.426963 
0 0.477398 0.491005 0.103141 0.625981 
0 0.973234 0.200479 0.053312 0.308435 
0 0.708859 0.012371 0.056688 0.024743 
0 0.174078 0.512091 0.087969 0.609136 
0 0.791250 0.020689 0.088281 0.041379 
