7 0.456508 0.688354 0.017953 0.032917 
7 0.503555 0.700604 0.020484 0.043125 
7 0.415070 0.682990 0.012703 0.027687 
7 0.388695 0.679000 0.020953 0.029833 
7 0.320031 0.666948 0.017125 0.032604 
7 0.881000 0.751615 0.021781 0.014521 
7 0.627555 0.697031 0.009859 0.012396 
7 0.740703 0.715156 0.012531 0.014563 
7 0.252773 0.653125 0.032516 0.029708 
7 0.484203 0.688740 0.013375 0.020396 
7 0.446367 0.670698 0.017734 0.012646 
7 0.374352 0.672740 0.012609 0.028854 
7 0.341672 0.659625 0.017750 0.023667 
7 0.213312 0.647094 0.021906 0.026687 
7 0.546359 0.696854 0.020156 0.020167 
7 0.491406 0.654167 0.982812 0.133333 
7 0.491406 0.654167 0.982812 0.133333 
