0 0.061742 0.729888 0.034641 0.170599 
0 0.475453 0.942531 0.059094 0.114938 
0 0.513617 0.909352 0.050859 0.181297 
0 0.554047 0.824514 0.048938 0.187431 
0 0.724383 0.794202 0.032578 0.182519 
0 0.967773 0.721633 0.022891 0.180125 
0 0.985641 0.804713 0.028000 0.205885 
0 0.085500 0.711621 0.030844 0.156608 
0 0.824734 0.893279 0.043594 0.213441 
0 0.221391 0.603953 0.026156 0.091596 
0 0.582828 0.715599 0.028125 0.164115 
6 0.506328 0.866858 0.005625 0.021895 
0 0.611703 0.868067 0.054000 0.203616 
0 0.510172 0.806521 0.024594 0.073641 
0 0.514062 0.692020 0.940625 0.610973 
0 0.514062 0.692020 0.940625 0.610973 
