4 0.893883 0.618486 0.212234 0.491806 
3 0.802187 0.232014 0.042438 0.150917 
3 0.879039 0.146236 0.084234 0.044472 
3 0.739141 0.624069 0.011125 0.074528 
3 0.740266 0.421944 0.007938 0.117889 
3 0.768797 0.230472 0.025062 0.148111 
3 0.735805 0.418097 0.014578 0.130972 
3 0.879687 0.235847 0.014875 0.148417 
3 0.723695 0.390903 0.040391 0.148028 
3 0.733734 0.405931 0.033344 0.130750 
3 0.733500 0.229069 0.011125 0.138472 
3 0.718531 0.231347 0.011375 0.128417 
3 0.748883 0.228972 0.010016 0.141333 
3 0.887922 0.236653 0.017750 0.145472 
3 0.822656 0.563889 0.351562 0.866667 
3 0.822656 0.563889 0.351562 0.866667 
