7 0.606555 0.421206 0.141109 0.123911 
7 0.742188 0.381370 0.115719 0.141335 
7 0.522133 0.639485 0.144891 0.117939 
7 0.605516 0.565574 0.136688 0.199204 
7 0.403687 0.368162 0.092812 0.183021 
7 0.850937 0.465433 0.099750 0.133302 
7 0.448469 0.286323 0.043719 0.101077 
7 0.607414 0.263888 0.054078 0.102810 
7 0.515281 0.758513 0.115312 0.156042 
7 0.843742 0.271874 0.042984 0.104262 
7 0.942531 0.576932 0.092906 0.173255 
7 0.524453 0.524660 0.092781 0.130960 
7 0.972828 0.250948 0.054344 0.092155 
7 0.643750 0.492974 0.625000 0.639344 
