0 0.503086 0.628094 0.261234 0.721354 
0 0.397758 0.682458 0.161797 0.606750 
0 0.393102 0.402396 0.171797 0.421875 
0 0.215961 0.543240 0.161922 0.628354 
5 0.332648 0.627104 0.065516 0.022833 
5 0.569125 0.525667 0.090438 0.050125 
5 0.321547 0.468302 0.037750 0.018729 
0 0.699008 0.543927 0.319797 0.912146 
5 0.389672 0.633135 0.065531 0.026771 
5 0.407094 0.650615 0.031187 0.030271 
5 0.647312 0.545177 0.040531 0.040854 
5 0.961687 0.715760 0.047969 0.026313 
5 0.356328 0.654667 0.027594 0.033375 
5 0.348859 0.468073 0.025781 0.022021 
0 0.065906 0.717823 0.128094 0.537146 
