0 0.379595 0.664040 0.671441 0.649440 
5 0.608018 0.634100 0.047207 0.021360 
3 0.622793 0.339470 0.021802 0.075380 
3 0.793754 0.513890 0.012793 0.077060 
3 0.846817 0.340020 0.037778 0.079640 
3 0.842913 0.250890 0.013514 0.078500 
3 0.666381 0.343500 0.027237 0.067520 
3 0.658769 0.249940 0.115736 0.078800 
3 0.494610 0.246710 0.031321 0.075780 
3 0.508844 0.339150 0.042372 0.078620 
3 0.778453 0.509850 0.019249 0.077980 
3 0.764054 0.350190 0.006727 0.057460 
3 0.752267 0.258720 0.010240 0.064120 
3 0.817598 0.251110 0.011471 0.075420 
3 0.419009 0.149680 0.011592 0.081560 
3 0.498498 0.334000 0.996997 0.492000 
3 0.498498 0.334000 0.996997 0.492000 
