6 0.817133 0.533691 0.007078 0.039260 
6 0.772461 0.524279 0.004391 0.022751 
0 0.661703 0.519696 0.043219 0.055636 
0 0.770250 0.542372 0.048250 0.125617 
0 0.842477 0.577429 0.035203 0.157894 
0 0.217523 0.660740 0.052266 0.175901 
0 0.047187 0.664051 0.042562 0.204497 
0 0.263234 0.666338 0.028875 0.157002 
0 0.180695 0.669564 0.026172 0.147552 
0 0.104813 0.659345 0.046375 0.198767 
0 0.737609 0.542989 0.027094 0.069051 
0 0.695672 0.553454 0.046281 0.069829 
0 0.288141 0.662638 0.038344 0.165579 
0 0.811375 0.575882 0.047563 0.185693 
0 0.203609 0.661898 0.036031 0.168615 
