0 0.662117 0.166297 0.035234 0.067406 
0 0.355016 0.096632 0.073687 0.190586 
6 0.174430 0.112803 0.028109 0.060126 
0 0.881906 0.116925 0.094469 0.189205 
0 0.835258 0.156454 0.023203 0.042782 
0 0.163641 0.115732 0.065469 0.177531 
0 0.697336 0.138567 0.033859 0.095042 
0 0.383266 0.119153 0.045312 0.142615 
0 0.788062 0.158985 0.034563 0.046297 
0 0.434922 0.126621 0.065156 0.163410 
0 0.977953 0.152343 0.044094 0.137615 
0 0.269375 0.223954 0.145875 0.445314 
0 0.624695 0.194801 0.055203 0.120021 
0 0.295312 0.152720 0.500000 0.209205 
