0 0.157125 0.340031 0.307792 0.371688 
0 0.395677 0.407062 0.272812 0.456406 
0 0.610323 0.449805 0.323146 0.483484 
0 0.750750 0.609234 0.498500 0.761250 
0 0.775021 0.303047 0.412333 0.602719 
3 0.049760 0.087961 0.012354 0.039109 
3 0.081323 0.185719 0.137979 0.042688 
3 0.052479 0.232008 0.010125 0.037359 
3 0.035021 0.278102 0.033500 0.036609 
3 0.103500 0.141109 0.015417 0.033813 
3 0.301146 0.055734 0.004583 0.035656 
3 0.286906 0.013172 0.006729 0.024656 
3 0.089604 0.137852 0.153958 0.044609 
3 0.138885 0.092531 0.012687 0.038844 
3 0.183292 0.094664 0.004958 0.038453 
3 0.246531 0.096719 0.144354 0.048906 
3 0.104875 0.092070 0.004875 0.037922 
0 0.230896 0.736984 0.447917 0.492188 
3 0.236563 0.124719 0.055375 0.005156 
3 0.164583 0.172656 0.325000 0.345313 
