0 0.567414 0.553937 0.865172 0.838208 
5 0.545703 0.691302 0.139031 0.186437 
3 0.360375 0.199958 0.043281 0.199542 
3 0.401125 0.213323 0.029063 0.151521 
3 0.419609 0.213281 0.033563 0.159896 
3 0.504109 0.228792 0.021813 0.115417 
3 0.483148 0.216781 0.032422 0.140687 
3 0.567375 0.206615 0.030375 0.154812 
3 0.503414 0.121271 0.091703 0.053792 
3 0.501492 0.140281 0.097203 0.047396 
3 0.543945 0.222667 0.015078 0.116667 
3 0.434367 0.202635 0.047422 0.176813 
3 0.531125 0.222750 0.013938 0.124417 
3 0.515898 0.221875 0.013734 0.124750 
3 0.464430 0.211854 0.033422 0.149083 
3 0.650000 0.165625 0.678125 0.331250 
3 0.650000 0.165625 0.678125 0.331250 
