4 0.551805 0.391557 0.119578 0.128548 
3 0.094453 0.650562 0.015000 0.087635 
3 0.135930 0.633255 0.010641 0.075410 
3 0.120477 0.369731 0.017266 0.081944 
3 0.098586 0.371628 0.018859 0.084567 
3 0.252773 0.480422 0.011359 0.073489 
3 0.088047 0.233197 0.013562 0.087049 
3 0.199211 0.476475 0.026109 0.112295 
3 0.214227 0.368021 0.005609 0.067143 
3 0.070086 0.365176 0.021266 0.067775 
3 0.078703 0.231803 0.014375 0.085667 
3 0.198570 0.248068 0.015516 0.057541 
3 0.244055 0.479602 0.013203 0.075972 
3 0.246211 0.703770 0.014328 0.068852 
3 0.150000 0.644028 0.271875 0.398126 
