3 0.176516 0.383521 0.012406 0.046042 
3 0.144453 0.383542 0.012531 0.050833 
3 0.185305 0.466427 0.019703 0.037521 
3 0.154773 0.385115 0.011797 0.047188 
3 0.133070 0.387000 0.012453 0.049375 
3 0.107109 0.390865 0.009312 0.046604 
3 0.075117 0.391271 0.009641 0.053542 
3 0.140117 0.386438 0.011734 0.051958 
0 0.474672 0.571979 0.229594 0.328333 
3 0.127477 0.295417 0.029516 0.052458 
3 0.167805 0.381844 0.013047 0.053437 
3 0.141828 0.475896 0.012812 0.030833 
3 0.139664 0.462740 0.020609 0.047604 
4 0.693141 0.447344 0.059594 0.173271 
3 0.106938 0.477427 0.028437 0.044729 
3 0.145313 0.377083 0.200000 0.250000 
