4 0.299078 0.150562 0.042938 0.043917 
0 0.193414 0.746615 0.332766 0.481979 
0 0.074883 0.590510 0.138109 0.469854 
0 0.143000 0.483990 0.075750 0.242354 
0 0.463070 0.426510 0.111734 0.184354 
0 0.378773 0.439177 0.122016 0.240729 
0 0.703492 0.436677 0.100578 0.134812 
0 0.852812 0.461792 0.155062 0.168542 
0 0.892414 0.386521 0.058984 0.170792 
0 0.287359 0.472052 0.131156 0.230354 
0 0.790625 0.397792 0.087344 0.162708 
0 0.596633 0.303375 0.043828 0.058417 
0 0.531500 0.294156 0.053438 0.076021 
4 0.384836 0.157365 0.037266 0.038937 
0 0.494891 0.293271 0.026719 0.053625 
4 0.505773 0.514792 0.060016 0.053833 
