5 0.249200 0.737360 0.060240 0.175413 
3 0.100960 0.589867 0.201920 0.126720 
3 0.131460 0.647187 0.259560 0.175280 
2 0.603240 0.388080 0.142120 0.240800 
3 0.043990 0.408013 0.041020 0.246160 
3 0.019740 0.428253 0.039480 0.214320 
3 0.102780 0.436933 0.031600 0.163627 
3 0.120720 0.417933 0.032680 0.205147 
3 0.132280 0.402600 0.028920 0.229467 
3 0.238620 0.396827 0.077640 0.248427 
3 0.348970 0.079147 0.113220 0.124373 
3 0.028320 0.410507 0.045160 0.246880 
3 0.059570 0.423173 0.033220 0.213547 
3 0.141610 0.393920 0.024060 0.244640 
4 0.804630 0.309880 0.319300 0.336667 
3 0.082430 0.466293 0.035180 0.136907 
