0 0.345289 0.733927 0.105859 0.413521 
0 0.160562 0.746906 0.099781 0.387021 
0 0.193969 0.668885 0.063094 0.239646 
0 0.241141 0.703865 0.067656 0.304312 
6 0.467922 0.616688 0.005500 0.025417 
0 0.734594 0.756167 0.075781 0.319750 
0 0.798937 0.692063 0.077406 0.195167 
0 0.904305 0.774365 0.081672 0.376396 
0 0.040742 0.766667 0.081484 0.446917 
0 0.741602 0.606156 0.030766 0.075521 
0 0.051344 0.593500 0.068875 0.171083 
0 0.209289 0.599917 0.029266 0.088792 
0 0.433297 0.706333 0.059906 0.273458 
6 0.435852 0.626677 0.005016 0.018354 
6 0.775703 0.602667 0.007281 0.029083 
0 0.467539 0.667094 0.052016 0.210437 
0 0.505469 0.685417 0.985938 0.437500 
0 0.505469 0.685417 0.985938 0.437500 
