0 0.582297 0.764052 0.301687 0.283146 
0 0.588203 0.443812 0.124719 0.397750 
0 0.479625 0.390542 0.075000 0.189250 
0 0.521516 0.569177 0.176812 0.204729 
0 0.803398 0.600000 0.096203 0.360458 
0 0.906156 0.573354 0.163406 0.275417 
0 0.309648 0.500656 0.093141 0.113646 
0 0.409961 0.480427 0.069422 0.105896 
0 0.365875 0.584521 0.161812 0.181500 
0 0.329492 0.441583 0.036828 0.041375 
0 0.568984 0.908240 0.242156 0.183521 
3 0.422875 0.695125 0.075500 0.049042 
3 0.214000 0.745219 0.056844 0.054188 
3 0.255625 0.623719 0.100687 0.031187 
3 0.916383 0.580823 0.064797 0.025021 
0 0.269602 0.817656 0.225109 0.364687 
0 0.914609 0.896719 0.169469 0.206563 
0 0.500000 0.571875 0.996875 0.381250 
0 0.500000 0.571875 0.996875 0.381250 
