0 0.407977 0.472963 0.497391 0.828829 
0 0.023133 0.378290 0.046266 0.219251 
0 0.155164 0.320960 0.020234 0.049883 
0 0.061836 0.173852 0.022297 0.060070 
0 0.049938 0.219883 0.031031 0.065246 
0 0.267578 0.403923 0.024094 0.097166 
0 0.231188 0.226030 0.023906 0.094731 
4 0.983266 0.164602 0.033469 0.088033 
0 0.083266 0.181593 0.024219 0.058454 
0 0.041758 0.175820 0.025266 0.057166 
0 0.161414 0.271499 0.014453 0.049742 
0 0.056219 0.384637 0.034406 0.151663 
0 0.123734 0.254941 0.014281 0.038407 
0 0.186203 0.276218 0.017563 0.043583 
0 0.500000 0.288056 0.996875 0.290398 
