0 0.703656 0.599625 0.176969 0.768542 
0 0.239164 0.662531 0.207234 0.410437 
0 0.460930 0.491667 0.138234 0.179625 
5 0.162945 0.726979 0.020328 0.054208 
5 0.763578 0.275229 0.028156 0.041208 
0 0.302531 0.504490 0.146625 0.586521 
3 0.101312 0.730812 0.103406 0.046542 
3 0.102773 0.762010 0.102609 0.024313 
3 0.541977 0.644385 0.075828 0.040438 
5 0.264141 0.703740 0.026500 0.035604 
5 0.465352 0.578667 0.024953 0.014167 
5 0.429937 0.646625 0.045719 0.013542 
5 0.471398 0.656969 0.035391 0.015063 
