0 0.451508 0.569510 0.432172 0.825104 
3 0.781805 0.196458 0.078359 0.146958 
3 0.595148 0.326083 0.067266 0.111167 
3 0.708383 0.338479 0.062609 0.129708 
3 0.259273 0.336271 0.067953 0.114750 
3 0.246648 0.186542 0.078891 0.120083 
3 0.711273 0.187448 0.065453 0.133521 
3 0.268648 0.449813 0.068453 0.101667 
3 0.912203 0.270802 0.067844 0.198979 
3 0.371945 0.182427 0.071703 0.127104 
3 0.089141 0.507198 0.031438 0.061521 
3 0.054938 0.440073 0.037812 0.181646 
3 0.039266 0.259781 0.042406 0.180896 
3 0.500000 0.401042 0.996875 0.802083 
3 0.500000 0.401042 0.996875 0.802083 
3 0.500000 0.401042 0.996875 0.802083 
