0 0.320172 0.556792 0.039531 0.186698 
0 0.515266 0.521698 0.013719 0.039292 
0 0.658438 0.518090 0.031250 0.069670 
0 0.344695 0.565884 0.037328 0.187099 
0 0.364820 0.536757 0.013016 0.109080 
0 0.500781 0.523302 0.016500 0.051604 
0 0.378609 0.540566 0.020875 0.104292 
0 0.628492 0.544340 0.032797 0.085943 
0 0.917227 0.553667 0.032953 0.061344 
0 0.875867 0.538785 0.024484 0.068278 
0 0.147555 0.526167 0.027984 0.120684 
0 0.213891 0.528231 0.020906 0.051698 
6 0.458727 0.538809 0.009141 0.042429 
0 0.271711 0.550554 0.023828 0.119882 
0 0.342969 0.568396 0.270313 0.212264 
