0 0.649075 0.424938 0.089438 0.077750 
0 0.179637 0.718734 0.102412 0.068656 
0 0.677400 0.933852 0.104637 0.071953 
7 0.720410 0.465609 0.024801 0.022750 
7 0.768244 0.454281 0.025012 0.021844 
7 0.851698 0.447625 0.010094 0.017063 
7 0.838899 0.449711 0.016019 0.017328 
7 0.863724 0.446594 0.015082 0.016844 
7 0.490457 0.740289 0.034028 0.026297 
7 0.265609 0.754125 0.022319 0.021375 
7 0.290070 0.757773 0.010913 0.016484 
7 0.737447 0.979375 0.026370 0.020063 
7 0.800211 0.966164 0.017892 0.015047 
