4 0.791391 0.416628 0.096875 0.172740 
3 0.296914 0.912377 0.073297 0.025129 
3 0.292430 0.927623 0.092141 0.024520 
3 0.419703 0.890234 0.081625 0.030867 
3 0.421313 0.920363 0.073969 0.018009 
3 0.422156 0.930632 0.075313 0.018126 
3 0.295047 0.926897 0.106062 0.051780 
3 0.133219 0.937693 0.079000 0.033700 
3 0.052945 0.956581 0.011734 0.063841 
3 0.422297 0.909309 0.070781 0.029110 
3 0.079203 0.952213 0.012156 0.066253 
3 0.086625 0.953782 0.171125 0.092436 
3 0.466477 0.912482 0.016016 0.080796 
3 0.505383 0.890609 0.012266 0.077658 
3 0.548438 0.776347 0.625000 0.409836 
3 0.548438 0.776347 0.625000 0.409836 
