4 0.575109 0.487896 0.215250 0.215250 
0 0.298148 0.646396 0.234797 0.659917 
5 0.469586 0.841167 0.018484 0.044750 
3 0.904062 0.403813 0.017563 0.091542 
3 0.933383 0.407938 0.014859 0.090000 
3 0.905805 0.505698 0.016141 0.075312 
3 0.239758 0.313646 0.010578 0.054458 
3 0.229633 0.374240 0.026453 0.053687 
3 0.242609 0.431781 0.007531 0.041937 
3 0.245930 0.487615 0.011422 0.048604 
3 0.860266 0.783917 0.019969 0.041833 
3 0.850273 0.496354 0.128078 0.095583 
3 0.958914 0.409281 0.013016 0.088521 
3 0.271219 0.311292 0.007875 0.054167 
5 0.396781 0.505896 0.017938 0.029917 
5 0.441086 0.402167 0.037891 0.037292 
3 0.894953 0.313406 0.208031 0.078646 
3 0.733469 0.452750 0.096719 0.067625 
3 0.602344 0.514583 0.792188 0.633333 
3 0.602344 0.514583 0.792188 0.633333 
