7 0.350461 0.478290 0.186484 0.151803 
7 0.707414 0.761323 0.344328 0.271686 
7 0.137117 0.334028 0.054859 0.075363 
7 0.281219 0.640480 0.261281 0.358946 
7 0.921000 0.571405 0.158000 0.145761 
7 0.831602 0.363571 0.063047 0.121101 
7 0.597086 0.246440 0.041922 0.040422 
7 0.390781 0.680667 0.173875 0.256838 
7 0.570695 0.423700 0.154734 0.144403 
7 0.691250 0.214344 0.027781 0.037869 
7 0.626727 0.536066 0.162703 0.152974 
7 0.094344 0.433536 0.099844 0.209321 
7 0.465523 0.438185 0.095203 0.184941 
7 0.499219 0.392272 0.998437 0.662763 
7 0.499219 0.392272 0.998437 0.662763 
