7 0.983266 0.707600 0.033156 0.038244 
7 0.796148 0.707518 0.091328 0.099532 
7 0.642563 0.681265 0.070875 0.083372 
7 0.683992 0.652717 0.082859 0.035831 
7 0.565203 0.673630 0.087938 0.083560 
7 0.471602 0.665152 0.085859 0.080656 
7 0.424094 0.649801 0.063062 0.070890 
7 0.349805 0.645855 0.075797 0.059625 
7 0.387719 0.645960 0.050844 0.073934 
7 0.284117 0.632892 0.057453 0.055808 
7 0.824633 0.705878 0.089234 0.084309 
7 0.723391 0.703232 0.093594 0.076721 
7 0.192609 0.610785 0.050469 0.064145 
7 0.351562 0.628806 0.703125 0.213115 
7 0.351562 0.628806 0.703125 0.213115 
