3 0.150680 0.285066 0.008266 0.061447 
3 0.157773 0.183235 0.020641 0.028092 
3 0.141484 0.282939 0.011406 0.063202 
5 0.606234 0.565406 0.038562 0.023925 
3 0.171836 0.547566 0.015547 0.057368 
3 0.194570 0.200768 0.010047 0.056404 
3 0.168938 0.287281 0.007812 0.063904 
3 0.181508 0.287741 0.008484 0.055789 
3 0.147492 0.555658 0.011953 0.074693 
3 0.110477 0.823202 0.011422 0.078289 
3 0.126297 0.468344 0.023969 0.054978 
3 0.170648 0.461689 0.008609 0.061404 
3 0.189586 0.462303 0.010609 0.056404 
3 0.163977 0.379825 0.005734 0.049342 
3 0.168750 0.575658 0.128125 0.844298 
3 0.168750 0.575658 0.128125 0.844298 
