7 0.243156 0.651623 0.088219 0.167572 
7 0.175438 0.558966 0.098188 0.110385 
7 0.317812 0.597212 0.053500 0.152260 
7 0.251266 0.510613 0.049031 0.133774 
7 0.552148 0.726887 0.173328 0.197861 
7 0.614391 0.591839 0.126469 0.142620 
7 0.893078 0.652572 0.143187 0.168077 
7 0.652117 0.499796 0.105516 0.100264 
0 0.436781 0.672933 0.076219 0.398654 
7 0.373961 0.568918 0.069891 0.143365 
7 0.676359 0.586647 0.114437 0.145745 
7 0.803703 0.606863 0.084562 0.145745 
7 0.489516 0.509447 0.082594 0.131010 
7 0.487789 0.597115 0.079391 0.138558 
7 0.678906 0.479567 0.639062 0.805288 
7 0.678906 0.479567 0.639062 0.805288 
