4 0.121719 0.395269 0.177313 0.225246 
3 0.891977 0.144965 0.011547 0.070585 
3 0.870852 0.146756 0.012672 0.061991 
3 0.827328 0.145703 0.007531 0.058056 
3 0.789180 0.293384 0.007609 0.057307 
3 0.810617 0.293501 0.011984 0.066253 
3 0.820359 0.297611 0.013281 0.058923 
3 0.868430 0.303361 0.018141 0.059040 
3 0.898414 0.301581 0.014391 0.059789 
5 0.505695 0.640749 0.033703 0.032131 
3 0.814500 0.447283 0.015000 0.066511 
3 0.844398 0.300351 0.046297 0.062717 
3 0.837164 0.144262 0.014172 0.071054 
3 0.912398 0.146628 0.015672 0.064543 
3 0.879695 0.146464 0.009578 0.067213 
3 0.597656 0.281030 0.682813 0.398126 
