3 0.279125 0.637219 0.027625 0.436979 
3 0.195984 0.649875 0.113656 0.405375 
3 0.259266 0.639354 0.028750 0.423417 
3 0.306914 0.961302 0.095891 0.077396 
3 0.300523 0.634625 0.038141 0.433292 
3 0.288367 0.162177 0.050609 0.321813 
3 0.161023 0.960167 0.041797 0.079667 
3 0.176961 0.173031 0.111234 0.346063 
3 0.196539 0.663729 0.067828 0.373625 
3 0.343820 0.638198 0.026953 0.458437 
3 0.220789 0.179781 0.064047 0.323604 
3 0.325508 0.158240 0.040234 0.316479 
3 0.192875 0.961250 0.030625 0.077500 
