4 0.604220 0.175080 0.288200 0.346480 
5 0.843580 0.506867 0.054600 0.038320 
5 0.922860 0.520013 0.052120 0.051653 
3 0.219270 0.253253 0.028660 0.138400 
3 0.181490 0.266813 0.057980 0.128453 
3 0.316970 0.189213 0.038780 0.050107 
3 0.311970 0.087907 0.024780 0.131600 
3 0.140060 0.097547 0.061680 0.108213 
3 0.293360 0.195520 0.024400 0.051627 
3 0.212890 0.093827 0.020300 0.126480 
3 0.248470 0.210240 0.022700 0.059627 
3 0.276760 0.075707 0.021400 0.140373 
3 0.294810 0.082307 0.023500 0.134267 
3 0.257420 0.203627 0.029320 0.048640 
