7 0.380297 0.912302 0.181313 0.175396 
7 0.506922 0.842990 0.077563 0.071563 
7 0.613688 0.875115 0.102188 0.176271 
7 0.389328 0.825240 0.105531 0.074521 
7 0.555477 0.934760 0.120234 0.129896 
7 0.726406 0.922948 0.056594 0.142521 
7 0.784852 0.920521 0.067266 0.156750 
7 0.856633 0.905729 0.135578 0.188542 
7 0.133562 0.864729 0.097125 0.190875 
7 0.053242 0.867365 0.073109 0.130438 
7 0.054023 0.809656 0.104984 0.111813 
7 0.737797 0.876240 0.106813 0.118771 
7 0.351609 0.833354 0.049562 0.078792 
7 0.499219 0.891667 0.998437 0.212500 
7 0.499219 0.891667 0.998437 0.212500 
