3 0.290670 0.398464 0.026275 0.132908 
3 0.141536 0.394681 0.014739 0.138709 
3 0.200319 0.403873 0.020735 0.119869 
3 0.240474 0.396454 0.027843 0.134085 
3 0.308309 0.406740 0.011552 0.116683 
3 0.333145 0.394747 0.025637 0.139788 
3 0.361846 0.406806 0.043954 0.138807 
3 0.263137 0.407827 0.012908 0.116797 
3 0.219297 0.411446 0.026373 0.105507 
3 0.174371 0.406520 0.020114 0.115654 
3 0.620025 0.192843 0.140964 0.102386 
3 0.164444 0.394657 0.033039 0.138105 
3 0.092247 0.402304 0.018709 0.117614 
