4 0.506087 0.855204 0.313742 0.218546 
4 0.246389 0.109273 0.265980 0.169069 
0 0.652810 0.195498 0.235948 0.319101 
0 0.866993 0.189804 0.226634 0.254412 
0 0.263668 0.111446 0.099069 0.112794 
0 0.098897 0.508791 0.089493 0.096046 
0 0.269134 0.529910 0.075425 0.169722 
0 0.383170 0.629167 0.171699 0.142222 
0 0.092835 0.579158 0.129297 0.195833 
0 0.164216 0.518382 0.061209 0.088203 
0 0.372002 0.557729 0.060507 0.127843 
0 0.225302 0.632933 0.134918 0.109722 
0 0.444281 0.653456 0.077288 0.080212 
0 0.556111 0.869722 0.197908 0.149935 
4 0.721520 0.087908 0.040850 0.042810 
