7 0.494219 0.766562 0.102719 0.205452 
7 0.430359 0.820890 0.079438 0.224411 
7 0.331188 0.634575 0.061719 0.053753 
7 0.552406 0.730027 0.098031 0.178740 
7 0.618047 0.727082 0.054844 0.150384 
7 0.662258 0.723890 0.046984 0.129863 
7 0.420406 0.669452 0.024094 0.046247 
7 0.390414 0.604370 0.043016 0.027918 
7 0.611344 0.543014 0.020469 0.029699 
7 0.331266 0.857918 0.107844 0.236384 
7 0.488102 0.567521 0.021766 0.039863 
7 0.644336 0.496658 0.008734 0.017699 
7 0.188133 0.879219 0.171828 0.241562 
7 0.370312 0.669863 0.740625 0.391781 
7 0.370312 0.669863 0.740625 0.391781 
