0 0.595445 0.701077 0.129141 0.421499 
0 0.323844 0.704496 0.392813 0.388759 
4 0.497383 0.248876 0.222391 0.227494 
5 0.252453 0.346054 0.012531 0.034496 
3 0.481031 0.473583 0.015156 0.048571 
3 0.701461 0.919461 0.177953 0.156909 
3 0.758133 0.734883 0.054172 0.049251 
3 0.464023 0.470375 0.023109 0.048009 
3 0.845094 0.795281 0.063406 0.058337 
3 0.472648 0.474016 0.018797 0.048782 
3 0.801016 0.782225 0.078469 0.058220 
3 0.558719 0.472869 0.022812 0.035059 
3 0.829766 0.724625 0.082250 0.057073 
0 0.522461 0.271382 0.045328 0.116393 
0 0.466391 0.259977 0.089844 0.127213 
3 0.841852 0.824192 0.033828 0.038876 
