6 0.652469 0.439083 0.016531 0.103111 
6 0.865211 0.366694 0.017578 0.070333 
0 0.166594 0.581639 0.333188 0.836722 
0 0.730617 0.561806 0.151672 0.665167 
0 0.441961 0.627542 0.140766 0.339528 
0 0.576406 0.801125 0.270500 0.375306 
0 0.428656 0.406097 0.087875 0.233194 
0 0.503141 0.450125 0.065625 0.369639 
0 0.471484 0.353375 0.050562 0.197750 
0 0.593805 0.410875 0.102203 0.429750 
0 0.380641 0.374125 0.041719 0.177528 
0 0.493609 0.703375 0.216156 0.373028 
0 0.378000 0.638931 0.094125 0.398861 
0 0.266445 0.394417 0.070422 0.245500 
0 0.862750 0.577125 0.135875 0.542861 
0 0.499219 0.590278 0.998437 0.813889 
0 0.499219 0.590278 0.998437 0.813889 
