6 0.678539 0.461203 0.007359 0.050236 
6 0.055141 0.901604 0.062813 0.196792 
6 0.127617 0.281745 0.016484 0.050142 
0 0.246578 0.598880 0.225781 0.773561 
0 0.057164 0.716722 0.114328 0.566557 
0 0.143781 0.267642 0.093312 0.234764 
0 0.811797 0.384623 0.125125 0.198821 
0 0.395648 0.446380 0.078891 0.339693 
0 0.506922 0.546073 0.177156 0.328090 
0 0.438797 0.304623 0.044250 0.123349 
0 0.725773 0.425283 0.093797 0.233726 
0 0.661344 0.439434 0.081656 0.207830 
6 0.541461 0.351356 0.004672 0.017429 
1 0.489250 0.945684 0.041625 0.108632 
0 0.465883 0.352700 0.074391 0.124552 
0 0.279352 0.198962 0.071984 0.097028 
0 0.485617 0.319104 0.041047 0.111651 
6 0.465758 0.366675 0.009703 0.032547 
6 0.982422 0.273514 0.009281 0.037547 
6 0.541961 0.369116 0.015078 0.057005 
0 0.540430 0.356616 0.071859 0.151675 
0 0.517969 0.432783 0.960938 0.455189 
0 0.517969 0.432783 0.960938 0.455189 
