0 0.667664 0.505490 0.041641 0.075354 
0 0.264016 0.485073 0.040125 0.059354 
0 0.761781 0.481656 0.058875 0.145437 
3 0.337383 0.423010 0.073922 0.026146 
3 0.405063 0.487177 0.009000 0.023979 
3 0.428094 0.426229 0.009375 0.011500 
3 0.389313 0.425281 0.014563 0.014813 
3 0.450930 0.426365 0.008203 0.011687 
3 0.410750 0.487625 0.008500 0.026667 
3 0.162703 0.511865 0.007000 0.017646 
3 0.339766 0.516667 0.004437 0.024958 
3 0.312578 0.511885 0.003781 0.022979 
3 0.071297 0.460906 0.039188 0.024938 
3 0.332633 0.402583 0.003672 0.012542 
3 0.844578 0.698583 0.036875 0.130000 
4 0.710891 0.494604 0.032031 0.043500 
4 0.551812 0.452917 0.041281 0.049708 
3 0.408758 0.424063 0.004891 0.017208 
4 0.614906 0.540198 0.078469 0.124771 
3 0.503906 0.654167 0.989062 0.687500 
3 0.503906 0.654167 0.989062 0.687500 
