3 0.128760 0.372130 0.243920 0.203780 
3 0.120120 0.045050 0.234213 0.090100 
2 0.515013 0.474100 0.849867 0.781520 
3 0.709640 0.031430 0.016560 0.059940 
3 0.711613 0.176410 0.038960 0.141580 
3 0.068880 0.561050 0.084320 0.121980 
3 0.118333 0.197290 0.052453 0.130540 
3 0.152773 0.196500 0.048640 0.140240 
3 0.190520 0.198790 0.049787 0.134980 
3 0.226693 0.195920 0.049440 0.131480 
3 0.695947 0.030390 0.019253 0.056700 
3 0.083373 0.196140 0.058107 0.133280 
3 0.642867 0.028920 0.021627 0.057840 
