0 0.412094 0.258835 0.058688 0.190047 
0 0.669094 0.327188 0.148906 0.205482 
0 0.721516 0.294388 0.180563 0.386518 
0 0.656539 0.252341 0.076297 0.264353 
0 0.599562 0.251835 0.060719 0.126400 
0 0.331187 0.324059 0.092125 0.455600 
0 0.208391 0.273353 0.093063 0.322988 
0 0.123688 0.306659 0.111781 0.346306 
0 0.176687 0.714647 0.353375 0.570706 
0 0.852180 0.608988 0.295641 0.755059 
1 0.568547 0.553224 0.065875 0.035341 
1 0.502109 0.823153 0.035344 0.028141 
1 0.360031 0.561318 0.071188 0.023859 
0 0.241203 0.474588 0.151875 0.569506 
0 0.063094 0.345176 0.126188 0.215482 
