0 0.139437 0.668536 0.275875 0.644941 
0 0.260875 0.607810 0.315219 0.549906 
0 0.317625 0.539005 0.223406 0.415621 
0 0.392852 0.473290 0.157922 0.297260 
0 0.396109 0.402881 0.089656 0.297939 
0 0.307188 0.211522 0.085750 0.268431 
0 0.226313 0.203068 0.111625 0.271663 
0 0.756867 0.637904 0.156672 0.514169 
0 0.749844 0.457295 0.164719 0.245129 
0 0.869875 0.351183 0.088031 0.059508 
6 0.303539 0.246803 0.021297 0.091967 
1 0.483141 0.886393 0.436719 0.053677 
0 0.318570 0.489859 0.276484 0.371616 
0 0.811852 0.677529 0.376297 0.617963 
0 0.886320 0.328115 0.097078 0.100539 
0 0.602344 0.373536 0.754687 0.330211 
0 0.602344 0.373536 0.754687 0.330211 
