0 0.160117 0.708990 0.165172 0.559562 
0 0.517094 0.799333 0.301000 0.369958 
0 0.719383 0.737812 0.193484 0.524375 
0 0.536797 0.682021 0.321906 0.442708 
0 0.966805 0.650667 0.066391 0.410000 
0 0.368422 0.534156 0.045500 0.134229 
0 0.305602 0.611750 0.095203 0.192875 
0 0.452523 0.483844 0.021203 0.031021 
0 0.628969 0.567094 0.050906 0.149354 
0 0.779359 0.600104 0.068812 0.194208 
0 0.875422 0.661948 0.100500 0.262229 
0 0.436906 0.584260 0.040656 0.105854 
0 0.318477 0.902729 0.130016 0.177667 
3 0.947359 0.445969 0.016750 0.007646 
0 0.440625 0.709375 0.862500 0.556250 
0 0.440625 0.709375 0.862500 0.556250 
