0 0.359375 0.415312 0.071063 0.119064 
0 0.284148 0.428857 0.096516 0.174886 
0 0.810352 0.439033 0.171359 0.161393 
0 0.784500 0.370863 0.094500 0.070915 
0 0.859016 0.660780 0.200531 0.363222 
5 0.766148 0.515915 0.034328 0.032827 
5 0.741500 0.479595 0.027000 0.026632 
0 0.291414 0.523285 0.103547 0.170769 
4 0.574672 0.458337 0.028781 0.213971 
4 0.058070 0.434948 0.023797 0.114636 
5 0.727375 0.417786 0.027656 0.018274 
5 0.747484 0.394054 0.033594 0.008940 
3 0.119547 0.114865 0.025531 0.019917 
3 0.142937 0.116715 0.023688 0.016258 
3 0.164688 0.112516 0.020688 0.035967 
3 0.182953 0.117193 0.017438 0.034802 
3 0.203492 0.125249 0.015703 0.032994 
3 0.249016 0.131268 0.017375 0.038004 
3 0.026500 0.463576 0.052406 0.019917 
3 0.024133 0.405655 0.048266 0.017879 
3 0.535891 0.516538 0.071906 0.025509 
0 0.363109 0.664044 0.156219 0.359563 
0 0.800508 0.542235 0.133703 0.234449 
5 0.793484 0.427963 0.012375 0.012432 
5 0.839578 0.585593 0.015125 0.023867 
3 0.016023 0.232755 0.032047 0.020062 
3 0.520687 0.177110 0.041531 0.035301 
3 0.260125 0.126975 0.012781 0.036362 
0 0.307984 0.569096 0.099969 0.199979 
3 0.377016 0.158773 0.022531 0.022245 
5 0.273922 0.407942 0.004531 0.013430 
3 0.314844 0.441788 0.598437 0.604990 
