0 0.417242 0.298521 0.052391 0.103447 
0 0.651758 0.302885 0.060422 0.259120 
0 0.796875 0.732433 0.157094 0.420367 
0 0.815898 0.252188 0.056641 0.124572 
0 0.848992 0.247971 0.026172 0.120831 
0 0.504211 0.296968 0.038766 0.044010 
0 0.273766 0.323423 0.074781 0.187237 
0 0.141586 0.319768 0.058891 0.190880 
0 0.694477 0.635134 0.257641 0.344597 
0 0.457648 0.273166 0.038547 0.150293 
3 0.316766 0.594022 0.012594 0.063350 
3 0.289711 0.594743 0.006797 0.062592 
3 0.298844 0.587482 0.011250 0.073936 
0 0.354563 0.305892 0.050094 0.197751 
0 0.590508 0.300550 0.051141 0.111320 
3 0.307141 0.593631 0.009344 0.061687 
3 0.326391 0.592861 0.016219 0.057066 
0 0.410156 0.271394 0.732812 0.176039 
