0 0.059680 0.319988 0.040078 0.231893 
7 0.430234 0.504895 0.093656 0.196192 
7 0.356477 0.574299 0.088859 0.274252 
7 0.652344 0.493061 0.048844 0.112243 
7 0.509570 0.459299 0.159922 0.090467 
7 0.598094 0.606075 0.085469 0.251121 
7 0.477500 0.564696 0.117625 0.239065 
7 0.497891 0.479416 0.079500 0.061729 
7 0.573664 0.513715 0.108797 0.102523 
7 0.590984 0.566554 0.141750 0.210537 
7 0.483930 0.657371 0.089547 0.188855 
7 0.392078 0.568318 0.096937 0.269813 
7 0.307602 0.565619 0.109203 0.176659 
