0 0.338891 0.438710 0.248656 0.525736 
0 0.570570 0.400682 0.147547 0.612836 
0 0.450773 0.367377 0.220016 0.483070 
0 0.864992 0.385725 0.138484 0.464712 
0 0.133906 0.378060 0.136375 0.352026 
0 0.629891 0.388763 0.367219 0.674158 
0 0.182125 0.362345 0.063094 0.264392 
0 0.225070 0.271983 0.031703 0.099659 
0 0.365937 0.258252 0.031688 0.048401 
6 0.877313 0.276397 0.015219 0.048571 
0 0.057570 0.373518 0.069203 0.323966 
0 0.342750 0.257207 0.032313 0.064435 
0 0.023977 0.289520 0.044078 0.114392 
