7 0.426617 0.643010 0.185484 0.210771 
7 0.194602 0.860854 0.389203 0.278292 
7 0.121227 0.515094 0.229516 0.176729 
7 0.300109 0.493073 0.193594 0.193062 
7 0.515953 0.357240 0.434812 0.264479 
7 0.662281 0.579615 0.323500 0.190979 
7 0.775898 0.306958 0.262422 0.154958 
7 0.550609 0.233250 0.158562 0.112083 
0 0.232930 0.303698 0.328922 0.355729 
7 0.779492 0.940073 0.439891 0.096646 
7 0.710039 0.262521 0.107203 0.134208 
7 0.820305 0.356229 0.359391 0.136375 
7 0.691727 0.494375 0.356422 0.173417 
7 0.660477 0.786042 0.679047 0.407667 
7 0.122188 0.659990 0.244375 0.184271 
7 0.696906 0.682021 0.348875 0.141583 
7 0.500000 0.530208 0.996875 0.935417 
7 0.500000 0.530208 0.996875 0.935417 
