7 0.302984 0.493042 0.016906 0.033491 
7 0.326055 0.493833 0.034797 0.033608 
7 0.377031 0.478007 0.016313 0.023373 
7 0.461648 0.493432 0.020672 0.026910 
7 0.539500 0.499776 0.014875 0.032807 
7 0.560813 0.491203 0.030312 0.022123 
7 0.513227 0.499399 0.012703 0.034882 
7 0.485508 0.500743 0.017578 0.030307 
7 0.424594 0.493715 0.016438 0.027288 
7 0.434328 0.489316 0.020594 0.031085 
7 0.491492 0.491934 0.015609 0.026840 
7 0.386242 0.491899 0.027078 0.032854 
7 0.570516 0.501521 0.029469 0.022712 
7 0.528906 0.528302 0.504687 0.127358 
7 0.528906 0.528302 0.504687 0.127358 
