0 0.638484 0.862179 0.108594 0.271072 
0 0.872187 0.870967 0.083312 0.258065 
0 0.691625 0.855979 0.069281 0.269534 
0 0.822203 0.863543 0.054937 0.212960 
0 0.982602 0.867156 0.034797 0.255152 
0 0.969352 0.833124 0.038422 0.168252 
0 0.846312 0.763170 0.007687 0.025082 
0 0.732914 0.845874 0.043391 0.200793 
0 0.763344 0.815023 0.027187 0.116807 
6 0.679453 0.792308 0.006813 0.032681 
0 0.079852 0.770443 0.031734 0.085268 
0 0.955664 0.785385 0.022359 0.103636 
0 0.922070 0.826923 0.033141 0.136177 
0 0.117133 0.787214 0.017578 0.096154 
0 0.498437 0.778555 0.759375 0.139860 
0 0.498437 0.778555 0.759375 0.139860 
0 0.498437 0.778555 0.759375 0.139860 
