2 0.868406 0.571030 0.162500 0.292459 
2 0.596508 0.372623 0.128266 0.233536 
2 0.734648 0.474157 0.098953 0.220211 
2 0.843891 0.391241 0.103969 0.108571 
2 0.545492 0.768981 0.289828 0.462037 
2 0.050594 0.551780 0.097844 0.255457 
2 0.152523 0.471756 0.121484 0.250258 
2 0.075070 0.362365 0.092234 0.272553 
2 0.190672 0.351382 0.090875 0.316300 
2 0.283750 0.282026 0.096875 0.195527 
2 0.359883 0.219895 0.088266 0.220070 
2 0.375188 0.588314 0.209687 0.407775 
2 0.656047 0.328794 0.070250 0.190515 
2 0.500000 0.500000 0.996875 0.995316 
2 0.500000 0.500000 0.996875 0.995316 
