7 0.181227 0.648320 0.013234 0.012547 
7 0.538828 0.643781 0.013062 0.018281 
7 0.345594 0.647156 0.016563 0.010781 
7 0.418289 0.647320 0.017141 0.011953 
7 0.130781 0.647844 0.016406 0.018281 
7 0.220781 0.658391 0.016031 0.018844 
7 0.206008 0.655492 0.018328 0.026984 
7 0.222648 0.651969 0.018172 0.018844 
7 0.247234 0.651266 0.014688 0.021188 
7 0.359008 0.648594 0.012109 0.009375 
7 0.078820 0.653875 0.022797 0.017188 
7 0.198766 0.646203 0.011906 0.011750 
7 0.263594 0.671672 0.039938 0.033125 
7 0.467969 0.643750 0.273438 0.021875 
