4 0.397008 0.645258 0.257328 0.259977 
0 0.264031 0.111206 0.139125 0.219742 
0 0.171672 0.121347 0.073469 0.130328 
0 0.381680 0.141827 0.086172 0.086557 
0 0.342102 0.120878 0.054016 0.150281 
0 0.267273 0.214297 0.091422 0.064473 
5 0.783313 0.926265 0.067500 0.126440 
0 0.494109 0.191323 0.076063 0.086300 
0 0.405109 0.112494 0.031781 0.054450 
0 0.384977 0.107857 0.024047 0.079883 
4 0.201195 0.210855 0.029547 0.044941 
0 0.459680 0.133290 0.039203 0.078337 
0 0.150250 0.333782 0.165781 0.234778 
4 0.462656 0.317763 0.090312 0.086862 
4 0.745883 0.334180 0.095016 0.110328 
