4 0.047227 0.563833 0.090859 0.345750 
5 0.599555 0.650531 0.048672 0.022188 
3 0.296898 0.377625 0.019109 0.079917 
3 0.300594 0.144396 0.008687 0.059833 
3 0.298633 0.237844 0.008203 0.068354 
3 0.279953 0.372656 0.033187 0.086979 
3 0.365789 0.368385 0.024266 0.066854 
3 0.371102 0.362021 0.037109 0.089000 
3 0.355227 0.240562 0.012359 0.064958 
5 0.021086 0.762760 0.035547 0.036437 
3 0.555813 0.632771 0.084375 0.035208 
3 0.309617 0.230250 0.168734 0.087125 
3 0.282250 0.144563 0.007500 0.065375 
3 0.313883 0.147865 0.010703 0.061521 
3 0.331539 0.148604 0.009234 0.061583 
3 0.252133 0.139729 0.027172 0.068375 
5 0.577305 0.716073 0.018203 0.013396 
3 0.415625 0.411458 0.400000 0.627083 
