3 0.240694 0.110817 0.029657 0.076928 
3 0.419077 0.089297 0.019101 0.031732 
3 0.192010 0.109314 0.023137 0.079935 
3 0.088056 0.109600 0.015131 0.072467 
3 0.648194 0.020237 0.018448 0.040474 
3 0.432263 0.013578 0.009886 0.027157 
3 0.232876 0.012051 0.110327 0.012435 
3 0.590940 0.094869 0.088873 0.016013 
3 0.215016 0.112672 0.028301 0.076127 
3 0.495490 0.229436 0.058693 0.116225 
3 0.719363 0.239526 0.022092 0.086601 
3 0.635972 0.019175 0.019755 0.038350 
3 0.480980 0.105866 0.013137 0.063856 
3 0.403595 0.159314 0.803922 0.318627 
