4 0.812250 0.341231 0.240300 0.270090 
0 0.439500 0.597823 0.126000 0.542793 
0 0.322520 0.714610 0.094280 0.413483 
0 0.075580 0.737072 0.151160 0.489880 
0 0.227490 0.562913 0.149660 0.519099 
5 0.234030 0.596366 0.054700 0.029610 
5 0.365360 0.594459 0.012080 0.029279 
3 0.771740 0.937492 0.097600 0.048859 
3 0.773830 0.903468 0.054260 0.034925 
3 0.771150 0.920015 0.059460 0.026817 
3 0.769750 0.927012 0.075420 0.032042 
3 0.771770 0.946471 0.119060 0.050961 
5 0.466900 0.491081 0.011080 0.023724 
0 0.263110 0.887643 0.167740 0.190120 
5 0.626450 0.868033 0.048500 0.037808 
