0 0.556336 0.449802 0.362328 0.694416 
0 0.794055 0.291297 0.032766 0.046990 
0 0.768609 0.325802 0.035469 0.052317 
0 0.827617 0.284446 0.061203 0.063109 
1 0.614797 0.854307 0.088500 0.023347 
4 0.857992 0.300891 0.041516 0.045307 
3 0.218492 0.285079 0.003203 0.015743 
3 0.226594 0.283881 0.003188 0.016436 
3 0.220844 0.304614 0.006188 0.019366 
3 0.224859 0.324891 0.022406 0.022535 
3 0.252719 0.275396 0.004125 0.015980 
3 0.318156 0.274119 0.007312 0.011960 
3 0.935562 0.299307 0.012438 0.022772 
3 0.372922 0.287535 0.001656 0.013723 
3 0.258070 0.282901 0.005828 0.030634 
3 0.365906 0.288901 0.002187 0.015703 
3 0.232891 0.282673 0.004000 0.015525 
3 0.222055 0.284990 0.003609 0.015802 
0 0.250797 0.324842 0.015094 0.023188 
0 0.471250 0.315663 0.017219 0.027802 
3 0.251250 0.297614 0.003625 0.057525 
0 0.738844 0.320772 0.023125 0.039366 
3 0.500000 0.278218 0.996875 0.188119 
3 0.500000 0.278218 0.996875 0.188119 
