0 0.170117 0.456176 0.077609 0.121341 
0 0.711094 0.603282 0.201500 0.445388 
0 0.493305 0.471541 0.096141 0.207365 
0 0.177125 0.396871 0.043719 0.088424 
0 0.558445 0.567000 0.188109 0.404400 
0 0.446008 0.474647 0.057016 0.188165 
0 0.298617 0.453094 0.088453 0.128118 
6 0.532484 0.551953 0.022281 0.101318 
6 0.162859 0.476871 0.010594 0.048329 
1 0.318633 0.842894 0.051297 0.041318 
1 0.443477 0.724976 0.018891 0.011365 
4 0.925297 0.211800 0.149406 0.422471 
4 0.267859 0.601871 0.085062 0.278659 
6 0.494758 0.500282 0.008828 0.059294 
0 0.329477 0.443600 0.052422 0.098541 
