7 0.769695 0.721521 0.138922 0.313467 
7 0.762773 0.553998 0.079141 0.139599 
7 0.580930 0.599057 0.198516 0.439057 
7 0.659688 0.407889 0.179938 0.336722 
7 0.932031 0.151073 0.080375 0.155165 
7 0.964430 0.522028 0.071141 0.325519 
7 0.477773 0.446073 0.097891 0.239080 
7 0.378039 0.487429 0.191672 0.234623 
7 0.430836 0.336097 0.113391 0.180401 
7 0.706023 0.675342 0.096953 0.298797 
7 0.211648 0.500342 0.107391 0.191250 
7 0.491656 0.418738 0.124281 0.158514 
7 0.756930 0.427040 0.056484 0.167524 
