7 0.785555 0.506737 0.246016 0.212300 
7 0.813109 0.695915 0.272125 0.412300 
7 0.604922 0.549577 0.181406 0.251080 
7 0.924563 0.801796 0.147750 0.367723 
7 0.333445 0.281209 0.085109 0.096972 
0 0.603547 0.116479 0.046375 0.166291 
7 0.966156 0.568263 0.066281 0.109624 
0 0.777062 0.138192 0.073281 0.200000 
0 0.094922 0.091655 0.056125 0.145563 
0 0.180242 0.590528 0.318703 0.818944 
0 0.145297 0.662946 0.290594 0.674108 
0 0.287906 0.072723 0.023844 0.076995 
0 0.956945 0.083486 0.035047 0.077113 
0 0.229359 0.072312 0.028937 0.090117 
0 0.297430 0.135235 0.018172 0.022113 
0 0.289734 0.107359 0.026500 0.072840 
0 0.215055 0.131362 0.025453 0.154742 
0 0.156555 0.062336 0.029172 0.097770 
0 0.893094 0.077512 0.027844 0.070376 
0 0.178125 0.105634 0.312500 0.211268 
0 0.178125 0.105634 0.312500 0.211268 
