4 0.439688 0.717948 0.087781 0.092396 
4 0.918438 0.742906 0.106375 0.111104 
4 0.824828 0.717375 0.072188 0.098583 
4 0.249219 0.683021 0.027406 0.036542 
0 0.657406 0.581615 0.049188 0.080521 
0 0.443594 0.592302 0.065969 0.144229 
0 0.264367 0.729427 0.160109 0.251688 
0 0.119195 0.695562 0.081016 0.156458 
0 0.070102 0.658781 0.140203 0.283771 
0 0.708055 0.784229 0.291953 0.431542 
0 0.530703 0.569865 0.066312 0.116146 
0 0.611469 0.592104 0.060500 0.100042 
4 0.985102 0.742385 0.029797 0.117146 
4 0.387773 0.379469 0.165828 0.164771 
4 0.631617 0.727729 0.084797 0.102250 
