1 0.470539 0.731075 0.026172 0.072757 
0 0.753656 0.769661 0.329125 0.438201 
0 0.275766 0.590643 0.154781 0.391005 
0 0.362555 0.496671 0.113391 0.343201 
0 0.448227 0.393283 0.079797 0.276986 
0 0.550602 0.305853 0.060516 0.105350 
0 0.680453 0.416893 0.147187 0.263131 
0 0.822055 0.568131 0.153672 0.449206 
0 0.142852 0.729428 0.285703 0.541145 
0 0.515633 0.358271 0.095797 0.204626 
0 0.148258 0.279019 0.070516 0.194393 
0 0.683594 0.276098 0.027625 0.045187 
0 0.684594 0.327243 0.036437 0.083458 
4 0.952047 0.252745 0.095906 0.195864 
0 0.756992 0.502278 0.167703 0.385397 
0 0.502344 0.322430 0.992188 0.210280 
0 0.502344 0.322430 0.992188 0.210280 
