4 0.432090 0.426962 0.199140 0.197751 
3 0.221220 0.593888 0.011400 0.091124 
3 0.119560 0.710120 0.019640 0.104928 
3 0.219710 0.450933 0.016820 0.088995 
3 0.064570 0.706364 0.033660 0.114306 
3 0.134210 0.709127 0.015300 0.097967 
3 0.189830 0.717883 0.013340 0.095670 
3 0.166270 0.718337 0.021580 0.091459 
3 0.193570 0.599821 0.005220 0.063708 
3 0.183910 0.599617 0.010020 0.061244 
3 0.201130 0.722356 0.011980 0.087344 
3 0.073160 0.560574 0.057320 0.008708 
3 0.262770 0.585215 0.029380 0.106938 
2 0.456870 0.285443 0.068940 0.095144 
0 0.645670 0.273684 0.025700 0.031196 
0 0.704540 0.209426 0.021720 0.025646 
3 0.146860 0.449139 0.020440 0.085120 
3 0.155000 0.455742 0.310000 0.834928 
3 0.155000 0.455742 0.310000 0.834928 
