4 0.477850 0.402688 0.179180 0.224234 
3 0.049390 0.494009 0.056860 0.206757 
3 0.097280 0.478273 0.038920 0.197748 
3 0.062240 0.729580 0.032680 0.166066 
3 0.047510 0.740405 0.038300 0.175465 
3 0.016570 0.508063 0.033140 0.198348 
3 0.072240 0.483063 0.045680 0.211111 
3 0.073980 0.225270 0.051840 0.242673 
3 0.021480 0.226036 0.042960 0.254535 
3 0.071840 0.725060 0.041400 0.167297 
3 0.053690 0.956171 0.107380 0.087658 
3 0.034330 0.743589 0.028340 0.167477 
3 0.029380 0.503874 0.036360 0.185586 
3 0.056720 0.905270 0.106920 0.088198 
3 0.156000 0.500000 0.312000 0.993994 
3 0.156000 0.500000 0.312000 0.993994 
