7 0.685984 0.634262 0.041063 0.123091 
7 0.618664 0.604696 0.051359 0.099087 
7 0.405031 0.517354 0.020656 0.035222 
7 0.177797 0.590023 0.032313 0.091148 
7 0.563609 0.625738 0.049531 0.106885 
7 0.197945 0.524215 0.021891 0.021265 
7 0.060016 0.594532 0.049188 0.079508 
7 0.142563 0.591522 0.030437 0.095082 
7 0.217680 0.572389 0.064984 0.084309 
7 0.484516 0.510176 0.004531 0.012436 
7 0.263242 0.593724 0.043859 0.079719 
7 0.823773 0.562506 0.026109 0.076487 
7 0.386672 0.555141 0.020031 0.032482 
7 0.431250 0.583138 0.862500 0.206089 
