0 0.548961 0.690012 0.077672 0.329906 
0 0.616289 0.691967 0.070078 0.331522 
0 0.791039 0.663208 0.088859 0.511850 
0 0.729203 0.605480 0.038812 0.275550 
0 0.654586 0.593770 0.058453 0.299766 
0 0.568539 0.527166 0.062422 0.153068 
0 0.502164 0.587354 0.061078 0.244824 
0 0.930367 0.610960 0.060828 0.304871 
0 0.529016 0.467904 0.042844 0.078993 
0 0.543586 0.502998 0.019703 0.052084 
6 0.802477 0.522073 0.010109 0.031358 
0 0.899742 0.641288 0.065203 0.312787 
0 0.619875 0.500211 0.034187 0.062857 
0 0.842320 0.598735 0.060984 0.314895 
0 0.567969 0.574941 0.264062 0.264637 
0 0.567969 0.574941 0.264062 0.264637 
