2 0.520922 0.441854 0.215156 0.323874 
2 0.422047 0.455579 0.204469 0.315662 
2 0.671672 0.452641 0.248906 0.344421 
2 0.788813 0.795124 0.262656 0.357434 
2 0.599602 0.796209 0.266922 0.324139 
2 0.424047 0.781531 0.240187 0.317566 
2 0.943813 0.126523 0.112375 0.253046 
2 0.354016 0.469536 0.114375 0.293377 
2 0.432219 0.183957 0.162062 0.263013 
2 0.787875 0.134834 0.239656 0.269669 
2 0.614156 0.144528 0.251969 0.289056 
2 0.881602 0.446118 0.236797 0.344023 
2 0.517031 0.139114 0.129531 0.265546 
2 0.606250 0.650662 0.784375 0.695364 
2 0.606250 0.650662 0.784375 0.695364 
