1 0.709656 0.767990 0.066469 0.125062 
3 0.342977 0.388760 0.035391 0.139313 
3 0.299297 0.386625 0.028906 0.140042 
3 0.319680 0.379792 0.014922 0.149417 
3 0.318477 0.201729 0.159109 0.182042 
0 0.840375 0.400896 0.319250 0.718458 
3 0.369023 0.384740 0.030203 0.151312 
3 0.284992 0.394458 0.012578 0.128042 
3 0.271523 0.388240 0.011203 0.132021 
3 0.274492 0.384500 0.042141 0.138000 
0 0.114484 0.692583 0.228969 0.484125 
0 0.506320 0.626896 0.202766 0.354125 
3 0.447945 0.391802 0.025672 0.158479 
3 0.424398 0.389917 0.027328 0.158417 
