0 0.357391 0.632611 0.037219 0.111124 
0 0.312234 0.471311 0.043156 0.056862 
0 0.482117 0.707295 0.052203 0.096838 
0 0.445195 0.658665 0.058359 0.108244 
0 0.448031 0.385691 0.037687 0.073396 
0 0.622789 0.283021 0.038828 0.059485 
0 0.692992 0.409754 0.058203 0.089719 
0 0.187094 0.398349 0.035594 0.051733 
0 0.203273 0.556440 0.050266 0.070304 
0 0.223953 0.513337 0.050531 0.081288 
0 0.362383 0.526499 0.044891 0.081335 
6 0.450305 0.387166 0.010422 0.026323 
6 0.480305 0.368489 0.002391 0.011030 
6 0.650648 0.517717 0.009266 0.036089 
6 0.589766 0.271429 0.003594 0.011944 
6 0.626531 0.291382 0.010281 0.023466 
6 0.110414 0.436628 0.012734 0.024637 
6 0.142828 0.413033 0.013500 0.024754 
6 0.530609 0.560422 0.012219 0.028993 
6 0.250094 0.475012 0.005375 0.015504 
0 0.760766 0.701393 0.063719 0.103443 
6 0.522766 0.393056 0.004625 0.025316 
6 0.709086 0.387061 0.007922 0.034122 
1 0.414656 0.850515 0.011906 0.017845 
1 0.402633 0.858536 0.005141 0.030094 
1 0.818148 0.783618 0.019828 0.014169 
0 0.555898 0.510316 0.040391 0.084145 
6 0.794203 0.648244 0.004000 0.024262 
1 0.442750 0.814508 0.015156 0.019368 
1 0.440734 0.720410 0.012656 0.007143 
6 0.294773 0.743267 0.021422 0.038899 
1 0.617711 0.649016 0.007203 0.018501 
1 0.631250 0.647857 0.008031 0.013279 
1 0.858883 0.828279 0.007297 0.026581 
1 0.861914 0.829719 0.006797 0.030679 
0 0.505469 0.611241 0.860938 0.754098 
0 0.505469 0.611241 0.860938 0.754098 
0 0.505469 0.611241 0.860938 0.754098 
6 0.558594 0.675644 0.714063 0.414520 
6 0.558594 0.675644 0.714063 0.414520 
