0 0.139883 0.575281 0.239328 0.364063 
0 0.559203 0.550771 0.266594 0.469250 
0 0.348445 0.598187 0.243547 0.291500 
0 0.455055 0.323594 0.053922 0.107854 
0 0.640094 0.107771 0.088969 0.121583 
0 0.720094 0.115000 0.065344 0.099375 
0 0.552000 0.103510 0.084844 0.130729 
0 0.475797 0.094344 0.080531 0.149896 
0 0.269156 0.320104 0.087688 0.099917 
0 0.144617 0.329562 0.098547 0.093917 
0 0.402320 0.091990 0.068328 0.158188 
0 0.517062 0.053260 0.073156 0.106521 
6 0.647672 0.141792 0.013125 0.051375 
0 0.212094 0.114344 0.081906 0.121188 
0 0.350781 0.098958 0.698438 0.197917 
