0 0.462641 0.612365 0.224156 0.775271 
5 0.107094 0.684854 0.052812 0.024750 
3 0.700797 0.178219 0.087781 0.070563 
3 0.704102 0.248156 0.012453 0.049021 
3 0.694516 0.291000 0.009719 0.030542 
3 0.712922 0.242698 0.030344 0.053937 
3 0.692867 0.244677 0.015266 0.051354 
3 0.678125 0.240281 0.016344 0.056063 
3 0.695914 0.094312 0.025953 0.059125 
3 0.040195 0.646365 0.076359 0.055938 
3 0.728555 0.251760 0.016297 0.048396 
3 0.722492 0.096354 0.027391 0.069500 
0 0.511430 0.348187 0.175922 0.389333 
0 0.661109 0.480250 0.192594 0.372833 
0 0.806187 0.554177 0.146906 0.369688 
0 0.892734 0.841729 0.214531 0.255750 
5 0.363164 0.546469 0.021172 0.028604 
5 0.178078 0.657510 0.017906 0.039313 
5 0.368469 0.571479 0.032313 0.021542 
0 0.952953 0.680333 0.083625 0.143625 
