5 0.222883 0.515260 0.034078 0.044271 
5 0.296813 0.447333 0.070813 0.066500 
5 0.271844 0.507271 0.020719 0.040958 
3 0.015094 0.059417 0.030187 0.103125 
3 0.053953 0.063021 0.027406 0.087917 
3 0.028016 0.195771 0.022531 0.090875 
3 0.073289 0.060802 0.032391 0.084146 
3 0.019938 0.198583 0.026500 0.087417 
3 0.064039 0.062062 0.022797 0.087958 
3 0.090562 0.059729 0.022937 0.082000 
3 0.044883 0.062708 0.027297 0.088625 
0 0.436094 0.421063 0.341281 0.525292 
0 0.422312 0.421177 0.124719 0.122104 
3 0.013016 0.199542 0.025781 0.085083 
3 0.033359 0.192344 0.016719 0.079937 
3 0.030555 0.066563 0.024797 0.088750 
3 0.038937 0.178271 0.014656 0.054208 
