1 0.581445 0.551894 0.011297 0.013128 
1 0.402320 0.626498 0.012797 0.050264 
0 0.157828 0.685242 0.215969 0.606564 
0 0.366484 0.528623 0.164531 0.315132 
0 0.662242 0.444923 0.204328 0.278084 
0 0.852844 0.753932 0.274187 0.465176 
0 0.855305 0.514570 0.265703 0.286145 
0 0.318023 0.843822 0.263016 0.312357 
0 0.580773 0.405727 0.118766 0.256520 
0 0.083320 0.487919 0.075516 0.278789 
0 0.206195 0.257566 0.056047 0.190639 
0 0.027148 0.304284 0.054297 0.229802 
0 0.797719 0.347963 0.125937 0.212577 
4 0.661047 0.200661 0.289406 0.262643 
0 0.144867 0.275452 0.063203 0.253326 
1 0.257617 0.724670 0.021078 0.077885 
0 0.093891 0.321145 0.060656 0.081278 
0 0.461719 0.332599 0.920312 0.497797 
