0 0.330336 0.437083 0.057297 0.074167 
7 0.218133 0.534167 0.070516 0.072125 
7 0.100852 0.514969 0.036703 0.034687 
7 0.563375 0.533521 0.048625 0.058917 
7 0.686281 0.504354 0.065094 0.052667 
7 0.440156 0.514260 0.059531 0.044396 
7 0.178789 0.484833 0.015016 0.025208 
7 0.028539 0.716990 0.049891 0.176063 
7 0.079484 0.484802 0.029563 0.037854 
7 0.205594 0.497250 0.024281 0.030083 
7 0.265594 0.508646 0.022531 0.057750 
7 0.127875 0.523135 0.024156 0.048313 
7 0.268273 0.477844 0.014234 0.018688 
7 0.074430 0.525854 0.028797 0.044292 
7 0.436719 0.466667 0.873437 0.145833 
7 0.436719 0.466667 0.873437 0.145833 
7 0.436719 0.466667 0.873437 0.145833 
