0 0.239250 0.647523 0.193500 0.671201 
0 0.632400 0.632282 0.210560 0.704024 
0 0.872810 0.670676 0.231460 0.632282 
0 0.736690 0.425586 0.138100 0.344324 
0 0.431560 0.672132 0.206080 0.627808 
3 0.936670 0.157748 0.039460 0.145946 
3 0.681600 0.256787 0.064920 0.009850 
3 0.681030 0.265691 0.063420 0.012222 
0 0.356170 0.388634 0.127700 0.233123 
3 0.672690 0.304715 0.035580 0.018679 
3 0.673140 0.276667 0.046040 0.008709 
2 0.426190 0.641997 0.106540 0.235826 
2 0.588330 0.617177 0.104260 0.241021 
2 0.767440 0.658859 0.104880 0.235736 
2 0.287380 0.601877 0.101800 0.238228 
2 0.134820 0.551021 0.056280 0.212372 
2 0.363310 0.507943 0.069020 0.144895 
2 0.715580 0.434955 0.055560 0.118378 
2 0.532420 0.482898 0.050560 0.127718 
0 0.539540 0.364940 0.148160 0.266937 
3 0.670640 0.288423 0.039240 0.014925 
3 0.674970 0.314685 0.025580 0.009429 
3 0.679220 0.327072 0.020920 0.010961 
0 0.120040 0.626742 0.203920 0.720991 
