6 0.777406 0.757587 0.085969 0.188275 
1 0.613852 0.789953 0.065578 0.015291 
0 0.907391 0.810082 0.181000 0.379837 
0 0.779766 0.719592 0.209844 0.531538 
0 0.380891 0.876608 0.267031 0.238671 
0 0.224195 0.786037 0.273266 0.405408 
0 0.183664 0.686352 0.197641 0.467949 
0 0.152211 0.572517 0.180984 0.454545 
0 0.915094 0.516853 0.103937 0.265175 
0 0.905828 0.324965 0.029844 0.020793 
0 0.447852 0.414219 0.105484 0.228625 
0 0.404805 0.353706 0.062297 0.161399 
0 0.745633 0.446107 0.120172 0.185455 
6 0.397461 0.364172 0.009734 0.050490 
1 0.723672 0.935956 0.084969 0.022821 
1 0.474813 0.575268 0.044969 0.013846 
0 0.611570 0.576410 0.234984 0.388765 
1 0.715320 0.873531 0.030359 0.018578 
0 0.595656 0.407366 0.069187 0.127786 
6 0.601578 0.606632 0.016625 0.135781 
6 0.656930 0.350291 0.005578 0.025944 
1 0.372094 0.745093 0.033219 0.012937 
0 0.500000 0.396270 0.996875 0.358974 
