4 0.765922 0.517687 0.183969 0.221708 
0 0.747492 0.502469 0.099328 0.138271 
5 0.603633 0.802115 0.056453 0.027813 
5 0.447477 0.767417 0.035391 0.029208 
5 0.478742 0.776823 0.041141 0.025479 
3 0.261703 0.736250 0.082250 0.049708 
3 0.348781 0.742708 0.071750 0.052083 
3 0.464602 0.729250 0.006797 0.061833 
3 0.472406 0.728698 0.007938 0.059562 
3 0.600812 0.809073 0.091844 0.049438 
3 0.459586 0.814656 0.069391 0.032188 
3 0.398070 0.809562 0.040734 0.035208 
3 0.257063 0.762167 0.096781 0.043292 
3 0.417227 0.746542 0.010297 0.059125 
3 0.220570 0.802500 0.034859 0.033042 
3 0.450320 0.737677 0.009016 0.052271 
3 0.197750 0.837250 0.009187 0.069333 
3 0.326562 0.792708 0.325000 0.193750 
