7 0.523406 0.537406 0.160844 0.156771 
7 0.625219 0.500396 0.107563 0.180042 
7 0.100445 0.580688 0.085016 0.229292 
7 0.478727 0.506500 0.116516 0.135542 
7 0.403773 0.549740 0.128203 0.173771 
7 0.324852 0.560031 0.081859 0.195354 
7 0.267906 0.573646 0.068094 0.208750 
7 0.237547 0.550229 0.048719 0.170833 
7 0.388172 0.521885 0.096875 0.191896 
7 0.184500 0.567167 0.064000 0.203500 
7 0.057961 0.585115 0.087891 0.208813 
7 0.675641 0.496969 0.077031 0.174771 
7 0.741133 0.486948 0.086328 0.157271 
7 0.399219 0.510417 0.626563 0.295833 
7 0.399219 0.510417 0.626563 0.295833 
