5 0.404250 0.874082 0.081875 0.058518 
5 0.431539 0.848306 0.049641 0.027435 
5 0.417281 0.983565 0.112531 0.032871 
3 0.966242 0.162376 0.060797 0.106447 
3 0.975312 0.173847 0.045000 0.087600 
3 0.972156 0.308953 0.029375 0.046753 
3 0.994477 0.182776 0.011047 0.081976 
3 0.925797 0.310541 0.021000 0.116800 
3 0.949109 0.292071 0.037469 0.053694 
3 0.980289 0.179094 0.034016 0.090894 
3 0.972086 0.029682 0.018953 0.059365 
3 0.210836 0.467800 0.005359 0.066000 
3 0.948719 0.179953 0.015656 0.071624 
3 0.959844 0.029376 0.006438 0.058235 
3 0.961023 0.296541 0.051891 0.047012 
3 0.205102 0.467259 0.006547 0.066424 
3 0.595313 0.287059 0.806250 0.574118 
