0 0.540273 0.606852 0.108891 0.474485 
0 0.685102 0.465167 0.122266 0.301142 
0 0.828039 0.671616 0.343922 0.656769 
0 0.279203 0.715014 0.221594 0.521448 
0 0.340328 0.544359 0.095937 0.431727 
0 0.263984 0.438816 0.096781 0.251783 
0 0.192320 0.630780 0.096172 0.448357 
0 0.113156 0.620070 0.226312 0.759861 
0 0.598031 0.473398 0.087656 0.277437 
0 0.752117 0.443217 0.031797 0.192451 
0 0.785633 0.451852 0.048234 0.151226 
4 0.798984 0.594819 0.036406 0.067131 
4 0.707273 0.723900 0.132641 0.158886 
4 0.623836 0.672382 0.087672 0.128050 
