7 0.768820 0.595292 0.115266 0.142958 
7 0.655703 0.550594 0.050000 0.092479 
7 0.841539 0.541552 0.081266 0.112771 
7 0.962180 0.523917 0.075641 0.077208 
7 0.715609 0.521917 0.059750 0.076583 
7 0.563680 0.503677 0.042453 0.075354 
0 0.485445 0.430229 0.022141 0.073083 
0 0.469398 0.431896 0.018266 0.062875 
0 0.316992 0.431625 0.033391 0.141333 
7 0.787539 0.492917 0.046141 0.036542 
7 0.677727 0.486771 0.045516 0.045875 
7 0.628695 0.501521 0.032109 0.047333 
7 0.503250 0.496375 0.025906 0.061583 
7 0.606125 0.519729 0.037687 0.085167 
7 0.776609 0.512542 0.083094 0.049000 
7 0.734414 0.571427 0.089609 0.103896 
0 0.143180 0.386219 0.142203 0.763646 
7 0.732812 0.602083 0.531250 0.329167 
