0 0.768391 0.570537 0.304937 0.722336 
0 0.721203 0.344159 0.178062 0.376449 
0 0.444398 0.271016 0.157609 0.257407 
0 0.700375 0.189194 0.045188 0.083341 
0 0.143516 0.548318 0.287031 0.817991 
0 0.117734 0.150958 0.088969 0.289533 
0 0.344406 0.248283 0.096625 0.275864 
0 0.160234 0.345269 0.168750 0.366565 
0 0.381266 0.206320 0.044219 0.125164 
6 0.101680 0.082465 0.018047 0.019790 
0 0.521031 0.252640 0.094281 0.233785 
0 0.660477 0.221425 0.076203 0.147523 
1 0.531859 0.535292 0.015188 0.035257 
0 0.123742 0.207792 0.052391 0.146799 
1 0.670859 0.448002 0.029094 0.010257 
1 0.707180 0.489521 0.018797 0.008808 
