3 0.190437 0.303948 0.021781 0.144563 
3 0.239367 0.301823 0.020484 0.137771 
3 0.277242 0.099583 0.021016 0.143167 
3 0.143086 0.096073 0.022734 0.157479 
3 0.211352 0.063365 0.017953 0.079438 
3 0.230586 0.096927 0.022672 0.147646 
3 0.292953 0.102344 0.023125 0.142438 
3 0.324898 0.098115 0.022797 0.140354 
3 0.351828 0.094146 0.020531 0.149833 
3 0.387766 0.096510 0.019437 0.141771 
3 0.220688 0.304021 0.022531 0.146708 
3 0.106180 0.093698 0.030328 0.139313 
2 0.632742 0.544760 0.273516 0.289813 
3 0.477203 0.085656 0.016250 0.142104 
3 0.286719 0.200000 0.370312 0.383333 
3 0.286719 0.200000 0.370312 0.383333 
