4 0.612020 0.302187 0.144800 0.157173 
4 0.749350 0.243133 0.155620 0.206640 
5 0.670290 0.421773 0.048100 0.027920 
3 0.082920 0.064387 0.028400 0.044187 
3 0.029840 0.543107 0.058880 0.063653 
3 0.061950 0.094107 0.013380 0.059200 
3 0.028980 0.101387 0.026120 0.053653 
3 0.147100 0.088440 0.043480 0.159867 
3 0.142980 0.094933 0.036400 0.156267 
3 0.122110 0.054787 0.016940 0.074213 
3 0.048760 0.095640 0.022040 0.061307 
3 0.017310 0.133800 0.027780 0.108560 
3 0.804620 0.907440 0.095920 0.185120 
4 0.611230 0.206813 0.141620 0.161040 
