8 0.180164 0.518103 0.299109 0.932889 
3 0.751914 0.329146 0.030453 0.018191 
3 0.796687 0.373731 0.016656 0.044799 
3 0.853742 0.284410 0.040828 0.071382 
3 0.806547 0.367475 0.014031 0.059975 
3 0.756062 0.366997 0.010469 0.042085 
3 0.749883 0.368618 0.009266 0.038794 
3 0.721328 0.359271 0.011844 0.046884 
3 0.817992 0.371445 0.013234 0.060176 
3 0.740281 0.364611 0.011375 0.042990 
3 0.833437 0.372601 0.020813 0.062990 
3 0.714461 0.357663 0.008734 0.050251 
3 0.709063 0.357513 0.006281 0.043317 
