7 0.538266 0.734302 0.136906 0.305063 
0 0.368547 0.553594 0.267656 0.820396 
0 0.601859 0.525396 0.137125 0.735875 
0 0.946484 0.141104 0.039688 0.081958 
0 0.798977 0.128177 0.029797 0.055813 
0 0.721164 0.128781 0.023609 0.051188 
0 0.427250 0.124719 0.032031 0.060687 
0 0.303070 0.114177 0.030547 0.034813 
0 0.259961 0.142687 0.019891 0.056542 
0 0.242680 0.118667 0.016453 0.035250 
0 0.900688 0.132646 0.054281 0.069458 
0 0.971453 0.175063 0.035125 0.100042 
0 0.227758 0.110167 0.015484 0.030667 
0 0.381539 0.123646 0.035609 0.049417 
0 0.532031 0.189583 0.932813 0.220833 
0 0.532031 0.189583 0.932813 0.220833 
