0 0.424906 0.626680 0.432979 0.746641 
0 0.665604 0.705234 0.178458 0.304438 
5 0.250219 0.611109 0.086771 0.046156 
3 0.772115 0.479648 0.005437 0.025578 
3 0.819042 0.472828 0.045583 0.027469 
3 0.798771 0.524937 0.044583 0.048031 
3 0.796687 0.587844 0.017583 0.034906 
3 0.717573 0.625477 0.033354 0.004266 
3 0.869667 0.467758 0.008958 0.026859 
3 0.948031 0.581000 0.009354 0.044938 
3 0.832583 0.581359 0.117833 0.059688 
3 0.786969 0.475969 0.013604 0.028406 
3 0.972146 0.579633 0.022833 0.045422 
3 0.800604 0.475328 0.021875 0.033344 
3 0.960656 0.577727 0.018771 0.047516 
3 0.968333 0.519148 0.009333 0.040984 
3 0.828125 0.517969 0.339583 0.310937 
