1 0.223023 0.725960 0.025797 0.057869 
0 0.461977 0.451920 0.155484 0.299157 
0 0.689086 0.523888 0.157297 0.327775 
0 0.877922 0.597822 0.244156 0.493255 
0 0.217398 0.486522 0.158922 0.276417 
0 0.886820 0.806733 0.226359 0.359555 
0 0.910797 0.400082 0.072031 0.149391 
0 0.610219 0.451686 0.128937 0.278642 
0 0.375367 0.344567 0.062547 0.112787 
0 0.097414 0.371487 0.060297 0.140585 
0 0.569172 0.338244 0.051938 0.096066 
0 0.776797 0.427529 0.092594 0.209672 
0 0.155711 0.394637 0.059453 0.190820 
1 0.258625 0.833665 0.023844 0.029297 
1 0.626078 0.748946 0.006281 0.017611 
0 0.096992 0.738876 0.193984 0.514098 
0 0.492969 0.394614 0.979688 0.227166 
