5 0.419093 0.378290 0.235627 0.107380 
5 0.673333 0.402210 0.260267 0.101620 
5 0.677027 0.358420 0.280507 0.081160 
3 0.735587 0.414600 0.410480 0.200000 
3 0.649133 0.253070 0.164613 0.063860 
3 0.314253 0.308140 0.324560 0.079720 
3 0.753787 0.056650 0.170133 0.113300 
3 0.510440 0.307180 0.203653 0.082200 
3 0.256040 0.042970 0.022373 0.083900 
3 0.282253 0.041930 0.034213 0.082820 
3 0.300467 0.043020 0.034747 0.085200 
3 0.322240 0.044200 0.045600 0.087760 
3 0.434347 0.047260 0.030080 0.093680 
