4 0.396427 0.283852 0.480104 0.230453 
0 0.624615 0.527031 0.354354 0.876125 
2 0.870333 0.556656 0.076583 0.076156 
3 0.459917 0.538828 0.010583 0.039688 
3 0.426458 0.540609 0.012375 0.040813 
3 0.342833 0.134609 0.009000 0.058375 
3 0.430604 0.139305 0.013125 0.057922 
3 0.446292 0.138266 0.017875 0.056906 
3 0.546792 0.143227 0.018292 0.053672 
3 0.500219 0.140633 0.020854 0.056016 
3 0.524948 0.141031 0.024729 0.056594 
3 0.567615 0.143781 0.017479 0.054094 
3 0.480365 0.538664 0.011813 0.039078 
3 0.370302 0.576609 0.092896 0.015938 
5 0.320437 0.658141 0.024833 0.031500 
3 0.358469 0.135102 0.005562 0.059922 
