3 0.170930 0.353762 0.039172 0.012618 
3 0.205594 0.367535 0.036562 0.017476 
3 0.337969 0.336851 0.064656 0.054646 
3 0.214305 0.403797 0.020859 0.056321 
3 0.195203 0.400000 0.011813 0.051604 
3 0.181430 0.398703 0.009078 0.050142 
3 0.310297 0.368597 0.014094 0.049976 
3 0.242750 0.173467 0.055969 0.020613 
3 0.245523 0.123915 0.042922 0.023962 
3 0.381570 0.246828 0.019016 0.072288 
3 0.278898 0.066061 0.083953 0.038113 
3 0.147711 0.395873 0.013984 0.058538 
3 0.173820 0.334151 0.034234 0.010425 
3 0.278125 0.264151 0.312500 0.471698 
3 0.278125 0.264151 0.312500 0.471698 
