0 0.428844 0.470073 0.056719 0.360271 
0 0.825187 0.473917 0.127969 0.296500 
0 0.580883 0.384115 0.084484 0.132521 
0 0.611727 0.269958 0.088016 0.198333 
0 0.573320 0.224229 0.056578 0.183208 
0 0.545430 0.225344 0.032016 0.099604 
0 0.511289 0.225427 0.040453 0.181438 
0 0.504906 0.471125 0.075563 0.302250 
0 0.525648 0.240010 0.018703 0.060312 
6 0.820992 0.417344 0.012141 0.086854 
6 0.444805 0.376219 0.016297 0.049854 
0 0.919766 0.644146 0.160469 0.349083 
6 0.573383 0.378667 0.013484 0.021125 
0 0.932672 0.829250 0.134656 0.341500 
