0 0.234797 0.400448 0.307437 0.567562 
0 0.401281 0.498677 0.170219 0.723938 
0 0.093898 0.393021 0.105609 0.388167 
0 0.658984 0.390635 0.128094 0.494396 
0 0.546102 0.308125 0.078141 0.266125 
0 0.965648 0.208208 0.061016 0.100958 
0 0.611484 0.305031 0.054062 0.281521 
4 0.570320 0.039740 0.096172 0.076396 
4 0.655008 0.044583 0.095047 0.085000 
4 0.949023 0.050729 0.072641 0.068208 
4 0.307492 0.039760 0.095047 0.079521 
0 0.572164 0.204604 0.022328 0.057292 
0 0.929102 0.250865 0.045016 0.199396 
4 0.915477 0.046062 0.020734 0.067333 
