1 0.476016 0.813698 0.032094 0.047438 
1 0.567133 0.653365 0.063047 0.016813 
0 0.638695 0.496271 0.240453 0.380625 
0 0.827523 0.641385 0.337078 0.717229 
0 0.532234 0.380042 0.206844 0.347542 
0 0.226422 0.313875 0.063125 0.120625 
0 0.286516 0.731469 0.320219 0.514604 
0 0.073313 0.664042 0.146625 0.631458 
0 0.179484 0.421188 0.114594 0.270125 
0 0.561898 0.224646 0.066703 0.125375 
0 0.124250 0.259115 0.092937 0.132938 
0 0.353328 0.234167 0.058562 0.186500 
0 0.498383 0.366135 0.120734 0.229188 
0 0.309969 0.176833 0.060406 0.103292 
0 0.176625 0.270542 0.061219 0.112792 
0 0.139844 0.161458 0.273438 0.210417 
0 0.139844 0.161458 0.273438 0.210417 
