2 0.557677 0.561836 0.124771 0.127953 
2 0.411312 0.614391 0.030125 0.042594 
2 0.388719 0.361906 0.104688 0.096437 
2 0.498177 0.408039 0.088813 0.079203 
2 0.311698 0.545289 0.094854 0.101547 
2 0.328073 0.782125 0.140563 0.171719 
2 0.626188 0.710570 0.101542 0.098578 
2 0.545479 0.698156 0.089917 0.121719 
2 0.427333 0.812312 0.096833 0.082031 
2 0.287313 0.358148 0.107417 0.107422 
2 0.620719 0.383898 0.152521 0.139391 
2 0.478646 0.725906 0.102292 0.095594 
2 0.429521 0.484406 0.098083 0.082219 
2 0.455208 0.688281 0.439583 0.314063 
2 0.455208 0.688281 0.439583 0.314063 
