4 0.588547 0.638281 0.081312 0.082604 
3 0.655656 0.373823 0.007344 0.064646 
3 0.695695 0.459823 0.011797 0.052896 
3 0.686094 0.463688 0.008219 0.044167 
3 0.654922 0.455292 0.007187 0.067542 
3 0.764453 0.364312 0.005906 0.057875 
3 0.668344 0.460594 0.010531 0.057479 
3 0.744148 0.362323 0.008297 0.066854 
3 0.716117 0.364438 0.009859 0.062875 
3 0.766867 0.445260 0.009422 0.078521 
3 0.681055 0.369490 0.006391 0.060896 
3 0.755680 0.454104 0.015641 0.061875 
3 0.745320 0.453823 0.009859 0.057021 
4 0.665305 0.637260 0.077422 0.088479 
3 0.719766 0.453438 0.009781 0.060583 
3 0.713281 0.404167 0.107813 0.245833 
3 0.713281 0.404167 0.107813 0.245833 
