4 0.070817 0.578683 0.141633 0.271652 
3 0.421150 0.448315 0.010067 0.056183 
3 0.322908 0.316730 0.026517 0.078683 
3 0.265708 0.066440 0.026917 0.087835 
3 0.303017 0.198047 0.019600 0.085781 
3 0.303033 0.300748 0.135733 0.131987 
3 0.286108 0.417589 0.009217 0.073214 
3 0.408508 0.151328 0.009383 0.086763 
3 0.350242 0.120067 0.023450 0.092500 
3 0.341542 0.123203 0.005383 0.062746 
3 0.327508 0.112009 0.010383 0.070982 
3 0.313317 0.423906 0.013100 0.069464 
3 0.264892 0.412109 0.010150 0.074397 
3 0.451617 0.180949 0.009200 0.073683 
3 0.360833 0.368304 0.265000 0.674107 
