6 0.556375 0.679619 0.075719 0.298360 
6 0.134219 0.572125 0.033125 0.204619 
6 0.823953 0.641293 0.038437 0.154088 
0 0.318344 0.671582 0.231656 0.628106 
0 0.864805 0.605624 0.267516 0.554296 
0 0.584930 0.661963 0.222984 0.584665 
0 0.396445 0.534838 0.038141 0.054619 
6 0.536469 0.217771 0.015281 0.249815 
3 0.795766 0.948903 0.205656 0.102194 
3 0.895266 0.932875 0.209469 0.132356 
0 0.488000 0.699192 0.066938 0.431732 
6 0.313961 0.194723 0.014047 0.239561 
6 0.319672 0.188187 0.013375 0.225751 
6 0.324602 0.195162 0.016828 0.235497 
6 0.709992 0.233118 0.012484 0.247621 
6 0.663188 0.223568 0.010594 0.248383 
6 0.330109 0.199088 0.018469 0.239607 
0 0.115977 0.597921 0.228453 0.771409 
