7 0.555609 0.532687 0.051500 0.105125 
7 0.417984 0.540531 0.043281 0.142604 
7 0.668891 0.503656 0.036875 0.098521 
7 0.621570 0.521719 0.046422 0.112021 
7 0.713344 0.523292 0.051344 0.095333 
7 0.462445 0.522625 0.056547 0.117292 
7 0.519969 0.500969 0.042281 0.101729 
7 0.619711 0.439510 0.032109 0.057646 
7 0.359484 0.495281 0.042594 0.098896 
7 0.883094 0.475417 0.049219 0.109625 
7 0.157820 0.548188 0.060797 0.134042 
7 0.307648 0.539354 0.079703 0.136042 
7 0.303828 0.468313 0.048875 0.031917 
