1 0.590914 0.708208 0.018016 0.029204 
0 0.541641 0.454485 0.157469 0.242834 
0 0.709914 0.452810 0.172422 0.200000 
0 0.131484 0.386265 0.142750 0.191452 
0 0.933297 0.512365 0.133406 0.615738 
0 0.713828 0.376159 0.123969 0.159438 
0 0.621922 0.371780 0.065906 0.158454 
0 0.634563 0.337553 0.059813 0.180960 
0 0.561008 0.305152 0.073391 0.115785 
0 0.446906 0.298384 0.038500 0.107588 
0 0.407617 0.349087 0.068109 0.209696 
0 0.826109 0.297752 0.062969 0.114614 
0 0.372359 0.655211 0.236844 0.478197 
1 0.625563 0.649403 0.019375 0.016136 
0 0.032055 0.404180 0.062703 0.205878 
0 0.519531 0.555035 0.935937 0.885246 
0 0.519531 0.555035 0.935937 0.885246 
