4 0.528700 0.523952 0.231360 0.310719 
0 0.525020 0.497769 0.145600 0.158952 
3 0.898620 0.416707 0.107160 0.125210 
3 0.238230 0.518937 0.006220 0.044162 
3 0.217490 0.279596 0.011900 0.048772 
3 0.889630 0.311632 0.010660 0.068772 
3 0.897930 0.543817 0.007740 0.038114 
3 0.870310 0.688728 0.049260 0.051168 
3 0.240000 0.729222 0.013360 0.081317 
3 0.884270 0.535524 0.014900 0.063084 
3 0.923510 0.317440 0.052660 0.018772 
6 0.527540 0.558922 0.014040 0.025030 
3 0.922410 0.308578 0.056140 0.070689 
3 0.860790 0.311916 0.009500 0.065389 
3 0.239000 0.398922 0.053800 0.074611 
3 0.237140 0.284731 0.006000 0.046287 
3 0.566000 0.500000 0.796000 0.526946 
3 0.566000 0.500000 0.796000 0.526946 
