4 0.162273 0.443833 0.166484 0.156958 
5 0.715633 0.635740 0.052172 0.020479 
5 0.734375 0.630875 0.054469 0.023000 
3 0.483164 0.207750 0.004984 0.067750 
3 0.509789 0.206167 0.010766 0.069375 
3 0.526102 0.206813 0.010703 0.066833 
3 0.546500 0.206719 0.005938 0.068812 
3 0.564414 0.206813 0.011141 0.069333 
3 0.572953 0.209583 0.005875 0.062917 
3 0.579250 0.209156 0.009437 0.063354 
3 0.665102 0.213219 0.009203 0.057313 
3 0.491836 0.208729 0.010766 0.066625 
3 0.554953 0.206094 0.014438 0.070271 
3 0.536633 0.208042 0.013234 0.065667 
3 0.517844 0.206656 0.010031 0.067896 
5 0.655813 0.441281 0.039000 0.022313 
5 0.689789 0.440906 0.010078 0.017896 
3 0.624078 0.207542 0.079281 0.068708 
3 0.518750 0.313542 0.400000 0.310417 
3 0.518750 0.313542 0.400000 0.310417 
