4 0.969523 0.426138 0.059297 0.184859 
0 0.801563 0.646984 0.165500 0.278803 
0 0.826180 0.797535 0.322703 0.404930 
0 0.394359 0.635469 0.110187 0.206432 
0 0.354461 0.543239 0.037266 0.092535 
0 0.204328 0.520528 0.060562 0.111009 
0 0.115750 0.560552 0.073875 0.116174 
0 0.625656 0.450446 0.024563 0.037793 
0 0.562641 0.428486 0.018750 0.101995 
0 0.502680 0.425329 0.028109 0.055305 
0 0.290148 0.685469 0.096234 0.170094 
0 0.353922 0.401843 0.017094 0.024014 
1 0.247125 0.669671 0.009594 0.007887 
0 0.125094 0.730986 0.182344 0.237418 
0 0.514555 0.577500 0.075047 0.170352 
0 0.453125 0.497653 0.903125 0.258216 
