3 0.767049 0.365234 0.012927 0.046625 
3 0.804602 0.366102 0.027096 0.043578 
3 0.747213 0.366266 0.020562 0.042688 
3 0.726112 0.435148 0.014567 0.033453 
2 0.199239 0.713922 0.159789 0.112219 
2 0.426932 0.700852 0.122670 0.043984 
2 0.497600 0.717430 0.088454 0.026766 
3 0.786300 0.367133 0.016393 0.045672 
3 0.813244 0.452500 0.078525 0.057250 
3 0.555761 0.567227 0.075269 0.024828 
2 0.346557 0.711102 0.124075 0.041391 
3 0.837693 0.368414 0.094918 0.061672 
3 0.775925 0.366781 0.009836 0.043812 
2 0.270925 0.599812 0.106253 0.069156 
2 0.728724 0.916758 0.109157 0.065953 
