0 0.738203 0.600000 0.094375 0.467417 
0 0.568820 0.522104 0.069109 0.334833 
0 0.655617 0.548312 0.111234 0.444958 
0 0.439078 0.554302 0.075750 0.244479 
0 0.362117 0.588344 0.088703 0.432563 
0 0.291828 0.689750 0.116750 0.220958 
0 0.200617 0.645490 0.121922 0.473271 
0 0.216305 0.476115 0.115734 0.246812 
0 0.223312 0.731458 0.032031 0.092125 
0 0.573875 0.755052 0.143250 0.242688 
0 0.503773 0.404844 0.084203 0.171021 
0 0.512664 0.618250 0.076016 0.378375 
0 0.234375 0.855479 0.125000 0.229167 
3 0.515602 0.626594 0.048203 0.044271 
0 0.555469 0.625000 0.835938 0.545833 
