0 0.815570 0.361797 0.151266 0.624708 
0 0.466297 0.383468 0.124500 0.572340 
0 0.434258 0.266045 0.047172 0.137772 
0 0.204836 0.594373 0.079422 0.447187 
0 0.102563 0.626504 0.083344 0.454735 
0 0.141547 0.616379 0.053344 0.430418 
0 0.164727 0.434749 0.032422 0.101142 
0 0.030250 0.644944 0.060500 0.422479 
0 0.056992 0.531295 0.020797 0.168329 
0 0.062695 0.446156 0.024203 0.074039 
0 0.123063 0.413914 0.026781 0.062591 
6 0.459422 0.236003 0.013406 0.042646 
6 0.789094 0.207841 0.013250 0.037911 
