1 0.095516 0.572782 0.018969 0.008996 
0 0.532375 0.653923 0.190531 0.324707 
0 0.703234 0.684268 0.194687 0.577531 
0 0.935375 0.433577 0.129250 0.197406 
0 0.665398 0.371192 0.101016 0.147699 
0 0.512602 0.386820 0.139297 0.127782 
0 0.226070 0.495513 0.167453 0.219728 
0 0.308219 0.763253 0.328625 0.348347 
0 0.096656 0.519414 0.193312 0.289414 
1 0.086266 0.607981 0.020188 0.043326 
1 0.075047 0.569718 0.070125 0.034833 
1 0.309500 0.707636 0.022031 0.027238 
0 0.416234 0.433703 0.110781 0.224728 
0 0.800305 0.396339 0.078641 0.163347 
