4 0.515062 0.642052 0.057156 0.174162 
3 0.655242 0.816445 0.017234 0.046069 
3 0.727219 0.908699 0.011406 0.163873 
3 0.767836 0.932457 0.013484 0.135087 
3 0.652172 0.896647 0.002656 0.086012 
3 0.804289 0.805751 0.011172 0.045029 
3 0.777031 0.939306 0.015875 0.120809 
3 0.680883 0.956850 0.005484 0.081676 
3 0.664469 0.926098 0.007031 0.095665 
3 0.637312 0.880087 0.005094 0.112428 
3 0.676875 0.947861 0.003812 0.082197 
3 0.700531 0.794538 0.005562 0.074046 
3 0.686867 0.758439 0.015828 0.098613 
3 0.691852 0.765260 0.012422 0.095376 
3 0.746094 0.817919 0.232813 0.352601 
3 0.746094 0.817919 0.232813 0.352601 
3 0.746094 0.817919 0.232813 0.352601 
