3 0.722734 0.644129 0.011938 0.046518 
3 0.710133 0.636094 0.015672 0.058306 
3 0.716219 0.641871 0.015438 0.060588 
3 0.699063 0.634353 0.014563 0.056800 
3 0.460250 0.480271 0.005844 0.031929 
3 0.430188 0.449518 0.006094 0.026376 
3 0.697633 0.629435 0.021266 0.068941 
3 0.699367 0.636129 0.009797 0.055176 
3 0.727117 0.611318 0.026859 0.017412 
3 0.455000 0.527341 0.024750 0.027059 
3 0.705578 0.635635 0.013281 0.058329 
3 0.731375 0.648188 0.011031 0.053647 
3 0.428781 0.420188 0.005219 0.019953 
3 0.592969 0.570588 0.351562 0.341176 
3 0.592969 0.570588 0.351562 0.341176 
