6 0.699883 0.500000 0.026859 0.155059 
6 0.425523 0.465529 0.030047 0.156894 
6 0.340781 0.139671 0.026156 0.065176 
6 0.137328 0.585341 0.030969 0.100282 
0 0.106867 0.771659 0.213734 0.456682 
0 0.070969 0.591200 0.141937 0.407906 
0 0.230273 0.543835 0.356547 0.568235 
0 0.130836 0.199071 0.204047 0.398141 
0 0.336508 0.213482 0.207422 0.426965 
0 0.322586 0.446365 0.206828 0.412447 
0 0.434563 0.419471 0.149281 0.435741 
0 0.508117 0.202247 0.177578 0.404494 
0 0.693586 0.178424 0.185484 0.356847 
0 0.699875 0.420659 0.283531 0.447200 
0 0.565711 0.442141 0.129891 0.402494 
0 0.925531 0.516494 0.148094 0.219106 
6 0.157609 0.559671 0.028813 0.045506 
0 0.205258 0.567529 0.110391 0.231153 
0 0.459375 0.528235 0.918750 0.938824 
