6 0.773802 0.527508 0.050021 0.303484 
6 0.511948 0.524117 0.085479 0.300141 
6 0.623417 0.556141 0.089500 0.346750 
6 0.433229 0.508000 0.096875 0.257969 
6 0.242500 0.507391 0.084417 0.283781 
6 0.672000 0.250539 0.095417 0.344422 
6 0.365677 0.256039 0.096479 0.298484 
6 0.533031 0.232711 0.107354 0.290734 
6 0.178177 0.235687 0.073146 0.258781 
6 0.190052 0.753070 0.072604 0.291641 
6 0.331083 0.746484 0.082583 0.234969 
6 0.770562 0.835063 0.051958 0.246750 
6 0.713417 0.254547 0.062333 0.327281 
6 0.432292 0.514062 0.860417 0.906250 
6 0.432292 0.514062 0.860417 0.906250 
