3 0.163130 0.642200 0.008540 0.170320 
3 0.107790 0.657960 0.013660 0.152187 
3 0.039690 0.408733 0.013180 0.201733 
3 0.080480 0.417787 0.013080 0.186773 
3 0.104370 0.414933 0.031620 0.181493 
3 0.122060 0.439653 0.011800 0.130880 
3 0.143540 0.422373 0.011440 0.167947 
3 0.203340 0.421973 0.031800 0.171093 
3 0.187090 0.718240 0.047700 0.019893 
3 0.095220 0.630333 0.136520 0.208987 
3 0.224910 0.649800 0.114700 0.037467 
3 0.224270 0.676573 0.110020 0.019760 
3 0.068800 0.417747 0.013440 0.192453 
3 0.201000 0.613333 0.342000 0.618667 
