2 0.752611 0.600000 0.494778 0.435969 
2 0.411593 0.534969 0.316112 0.174500 
2 0.174965 0.519609 0.346276 0.241344 
7 0.350984 0.800625 0.518314 0.398750 
2 0.217400 0.428773 0.239297 0.135078 
2 0.592904 0.358773 0.177143 0.100297 
2 0.322986 0.409117 0.065504 0.088422 
2 0.756944 0.873594 0.486112 0.231156 
2 0.581967 0.609430 0.176768 0.172016 
2 0.048384 0.423812 0.096768 0.086156 
2 0.470012 0.411289 0.282881 0.130547 
2 0.500000 0.562500 0.995316 0.796875 
2 0.500000 0.562500 0.995316 0.796875 
