4 0.774580 0.711243 0.450320 0.550569 
0 0.453650 0.494087 0.243580 0.714880 
0 0.135040 0.669895 0.264320 0.660210 
0 0.259690 0.613488 0.183140 0.597754 
0 0.751690 0.355913 0.209220 0.326617 
0 0.102030 0.226287 0.158460 0.450719 
0 0.278460 0.261796 0.130600 0.519102 
0 0.471800 0.073174 0.084960 0.144731 
0 0.760320 0.153219 0.151600 0.301946 
5 0.526880 0.688144 0.082320 0.049880 
5 0.133600 0.847335 0.126080 0.089880 
5 0.312770 0.819356 0.098260 0.066138 
4 0.680900 0.038174 0.067760 0.073832 
