0 0.880617 0.537083 0.160109 0.831458 
0 0.698766 0.285646 0.054594 0.139667 
0 0.625266 0.297094 0.055063 0.149354 
0 0.584367 0.275625 0.035047 0.128000 
0 0.157102 0.292760 0.054484 0.194229 
0 0.424281 0.259031 0.025281 0.080646 
0 0.403539 0.257531 0.030016 0.087271 
0 0.281234 0.260542 0.030500 0.084542 
0 0.553156 0.293312 0.062125 0.196167 
0 0.380828 0.262125 0.027250 0.073750 
0 0.254844 0.254437 0.033875 0.100042 
7 0.463828 0.646292 0.191344 0.268750 
7 0.439187 0.637167 0.201875 0.290875 
7 0.546992 0.706167 0.160641 0.338333 
7 0.586516 0.767417 0.148313 0.330333 
7 0.655633 0.791562 0.117984 0.362042 
7 0.765086 0.780708 0.179703 0.426417 
7 0.351398 0.452250 0.089328 0.143833 
7 0.525398 0.693219 0.209828 0.343604 
7 0.546359 0.446531 0.039500 0.120146 
7 0.468367 0.433823 0.032922 0.101312 
7 0.270313 0.328302 0.029625 0.055479 
0 0.747258 0.331479 0.076734 0.229792 
7 0.378203 0.628042 0.178313 0.253750 
0 0.216391 0.266844 0.036000 0.097271 
7 0.580461 0.473156 0.051734 0.107229 
0 0.496875 0.275000 0.946875 0.187500 
0 0.496875 0.275000 0.946875 0.187500 
7 0.499219 0.568750 0.998437 0.579167 
7 0.499219 0.568750 0.998437 0.579167 
