7 0.447813 0.913963 0.031156 0.050117 
7 0.434406 0.811154 0.040281 0.017179 
7 0.579930 0.745921 0.029359 0.027133 
7 0.606531 0.712168 0.018063 0.014965 
7 0.679961 0.787343 0.035484 0.041399 
7 0.719125 0.729825 0.030219 0.036294 
7 0.099430 0.859044 0.042922 0.073939 
7 0.067852 0.803683 0.046391 0.053660 
7 0.394477 0.907075 0.043734 0.060583 
7 0.470633 0.908660 0.055859 0.070979 
7 0.421328 0.850874 0.040344 0.029021 
7 0.641203 0.732413 0.034250 0.031492 
7 0.645750 0.793881 0.024031 0.029021 
7 0.447008 0.770909 0.026578 0.037063 
7 0.467187 0.750583 0.696875 0.097902 
7 0.467187 0.750583 0.696875 0.097902 
