7 0.888086 0.172026 0.050297 0.060023 
7 0.431438 0.351358 0.062875 0.080375 
7 0.185094 0.464508 0.086094 0.086019 
7 0.229984 0.548770 0.088156 0.094028 
7 0.411828 0.195082 0.072469 0.074098 
7 0.307414 0.955902 0.112203 0.088197 
7 0.311859 0.590094 0.040906 0.048946 
7 0.466734 0.346382 0.012969 0.046721 
7 0.597719 0.165878 0.051469 0.033958 
7 0.573250 0.164227 0.026375 0.033279 
7 0.488336 0.357904 0.042141 0.058571 
7 0.751000 0.259672 0.077750 0.078829 
7 0.919922 0.188806 0.024250 0.032459 
7 0.260156 0.370023 0.520312 0.463700 
