7 0.790945 0.855414 0.077953 0.157735 
7 0.672016 0.810207 0.029469 0.065110 
7 0.937234 0.892472 0.086375 0.163453 
7 0.909813 0.859116 0.066625 0.115635 
7 0.880664 0.828246 0.034234 0.087099 
7 0.570391 0.880262 0.065594 0.134282 
7 0.706203 0.845497 0.067250 0.147901 
7 0.845562 0.853163 0.041531 0.155055 
7 0.893148 0.766381 0.029078 0.042818 
7 0.075211 0.789406 0.059297 0.064779 
7 0.640336 0.784820 0.024234 0.042845 
7 0.852781 0.728881 0.022437 0.023066 
7 0.922008 0.754517 0.031109 0.053729 
7 0.757812 0.827348 0.481250 0.240331 
7 0.757812 0.827348 0.481250 0.240331 
