3 0.710391 0.547084 0.018531 0.099415 
3 0.669203 0.373349 0.071625 0.138970 
3 0.740195 0.245820 0.024578 0.088689 
3 0.655727 0.530550 0.029016 0.139555 
3 0.696773 0.541066 0.032109 0.141710 
3 0.738367 0.551651 0.037734 0.145222 
3 0.678391 0.535831 0.030250 0.138080 
3 0.715297 0.233220 0.009219 0.116932 
3 0.723867 0.547951 0.031203 0.145831 
3 0.231477 0.233150 0.009484 0.071499 
3 0.241531 0.121311 0.026469 0.065621 
4 0.423609 0.414251 0.113906 0.145878 
3 0.154000 0.130129 0.036000 0.061148 
3 0.250500 0.334251 0.018438 0.062506 
3 0.442969 0.317330 0.689063 0.634660 
3 0.442969 0.317330 0.689063 0.634660 
