3 0.524390 0.238893 0.060500 0.074853 
3 0.345510 0.804493 0.094380 0.071920 
3 0.512740 0.289013 0.020800 0.079627 
3 0.473120 0.311960 0.020840 0.080987 
3 0.499840 0.277693 0.058720 0.096880 
3 0.459790 0.480160 0.038220 0.079413 
3 0.442850 0.317093 0.047100 0.090080 
3 0.471590 0.293333 0.056260 0.104053 
3 0.464420 0.300507 0.052320 0.100693 
3 0.484730 0.455413 0.042980 0.073653 
3 0.463930 0.463067 0.031620 0.050133 
3 0.513360 0.435627 0.015160 0.083413 
3 0.525970 0.269787 0.053740 0.100587 
8 0.886800 0.793253 0.226400 0.413493 
3 0.504520 0.293813 0.016600 0.069387 
4 0.593490 0.418173 0.172980 0.151760 
5 0.408690 0.187373 0.055700 0.049627 
5 0.369520 0.208587 0.060040 0.054133 
2 0.792730 0.482293 0.041340 0.086613 
3 0.500000 0.402667 0.164000 0.378667 
3 0.500000 0.402667 0.164000 0.378667 
