0 0.470203 0.237019 0.100594 0.192782 
0 0.483258 0.262939 0.085859 0.159351 
0 0.330969 0.500000 0.382594 1.000000 
0 0.053102 0.439697 0.106203 0.681653 
0 0.163016 0.250314 0.019969 0.040293 
4 0.709047 0.136831 0.081969 0.079268 
0 0.791414 0.074498 0.031547 0.142427 
0 0.904047 0.096747 0.094469 0.193494 
0 0.392734 0.424718 0.073844 0.314623 
0 0.136031 0.245816 0.019094 0.020460 
0 0.570344 0.461036 0.225031 0.449351 
0 0.116672 0.635743 0.129750 0.467469 
0 0.111586 0.302312 0.052859 0.075209 
