4 0.375023 0.110194 0.136891 0.169167 
0 0.197117 0.414333 0.162016 0.353611 
0 0.190391 0.306375 0.079781 0.178028 
0 0.354891 0.374861 0.077469 0.130500 
0 0.559711 0.388375 0.032297 0.057750 
0 0.852336 0.536431 0.232672 0.389917 
0 0.665078 0.535125 0.150938 0.431417 
0 0.706766 0.322917 0.078844 0.170778 
0 0.292555 0.723500 0.093984 0.359000 
0 0.480336 0.883139 0.202234 0.229222 
0 0.628930 0.315472 0.108391 0.212278 
0 0.151055 0.912361 0.302109 0.148333 
0 0.367836 0.112361 0.083422 0.103389 
