7 0.384060 0.768427 0.247880 0.353067 
7 0.657730 0.754307 0.246300 0.300933 
7 0.184180 0.784600 0.294320 0.324187 
7 0.773770 0.717973 0.164220 0.281173 
7 0.470160 0.734413 0.150000 0.363440 
7 0.536910 0.678507 0.096420 0.140533 
7 0.587450 0.613480 0.217420 0.117200 
7 0.234720 0.580933 0.184360 0.127467 
7 0.154040 0.637640 0.185480 0.208613 
7 0.363720 0.615413 0.069760 0.046987 
7 0.676820 0.566440 0.052760 0.047760 
7 0.473930 0.552293 0.115060 0.100747 
7 0.383940 0.567760 0.057080 0.053280 
