7 0.405969 0.819658 0.008563 0.009882 
7 0.315719 0.830649 0.004531 0.007099 
7 0.269070 0.817665 0.005234 0.008255 
7 0.251555 0.822488 0.004766 0.007759 
7 0.213766 0.847123 0.003875 0.006368 
7 0.155039 0.839175 0.004328 0.005802 
7 0.078352 0.793019 0.007797 0.006557 
7 0.047500 0.795271 0.005594 0.006392 
7 0.634570 0.867382 0.004547 0.005566 
7 0.507234 0.881757 0.006563 0.008090 
7 0.632336 0.939469 0.005922 0.009741 
7 0.114289 0.986875 0.006703 0.009599 
7 0.136523 0.980920 0.009359 0.007358 
7 0.500000 0.786557 0.996875 0.422170 
7 0.500000 0.786557 0.996875 0.422170 
