3 0.769180 0.206444 0.021578 0.198167 
3 0.835156 0.447472 0.027594 0.163278 
3 0.934656 0.464931 0.056281 0.198806 
3 0.630281 0.197875 0.035406 0.139972 
3 0.712328 0.208389 0.019469 0.166833 
3 0.803906 0.204875 0.046750 0.202417 
3 0.904148 0.452389 0.056922 0.196889 
3 0.956437 0.469986 0.087125 0.207750 
3 0.822414 0.442014 0.055203 0.172306 
3 0.862820 0.641069 0.039203 0.177917 
3 0.917734 0.456986 0.050219 0.187083 
3 0.918719 0.237181 0.049094 0.209583 
3 0.984906 0.272528 0.028469 0.170000 
3 0.771875 0.390278 0.453125 0.780556 
