4 0.039258 0.600489 0.077797 0.213793 
0 0.631727 0.648305 0.290828 0.442701 
0 0.553984 0.445374 0.134094 0.230690 
0 0.920062 0.886825 0.159875 0.226351 
0 0.703211 0.818721 0.284703 0.339339 
0 0.517109 0.410445 0.088031 0.264684 
0 0.432406 0.417543 0.086656 0.286006 
0 0.372836 0.560618 0.156922 0.324397 
0 0.282867 0.540589 0.079422 0.586523 
5 0.612164 0.890474 0.040984 0.047213 
5 0.658000 0.978649 0.089188 0.042701 
0 0.035437 0.747198 0.070875 0.384282 
0 0.866914 0.864741 0.164609 0.267874 
5 0.288680 0.913793 0.014953 0.033793 
