1 0.593664 0.725406 0.053328 0.078313 
1 0.304547 0.812792 0.110031 0.055458 
1 0.671930 0.571792 0.033016 0.037083 
0 0.677781 0.257427 0.032625 0.061396 
0 0.224156 0.505615 0.198875 0.449437 
0 0.792227 0.541667 0.202703 0.551792 
0 0.594102 0.422469 0.227516 0.260688 
0 0.531180 0.317094 0.069672 0.129312 
0 0.438078 0.339135 0.110156 0.153146 
0 0.357555 0.425937 0.193109 0.391083 
1 0.379391 0.600865 0.008375 0.035979 
1 0.429602 0.552219 0.008047 0.026354 
1 0.386266 0.551615 0.043125 0.028063 
3 0.371180 0.180281 0.003484 0.021396 
0 0.820000 0.674906 0.360000 0.650187 
0 0.491469 0.273583 0.042625 0.096042 
0 0.101063 0.596958 0.202125 0.633000 
0 0.705398 0.298771 0.048922 0.102125 
0 0.617086 0.268927 0.095078 0.087438 
0 0.684430 0.363552 0.098234 0.178313 
