0 0.894523 0.545885 0.044484 0.137646 
0 0.832438 0.518437 0.026188 0.102833 
0 0.861031 0.520958 0.028063 0.120667 
0 0.794711 0.510948 0.016297 0.066854 
0 0.941492 0.524156 0.028797 0.117062 
0 0.973133 0.509990 0.015453 0.066354 
0 0.779695 0.515417 0.016484 0.079667 
0 0.755289 0.500594 0.010859 0.043104 
0 0.917016 0.514385 0.016219 0.085479 
6 0.834469 0.500104 0.003687 0.030500 
0 0.816656 0.515135 0.017219 0.087813 
0 0.687562 0.472313 0.011844 0.061875 
0 0.909203 0.477667 0.006469 0.018042 
0 0.806453 0.518938 0.010250 0.051958 
