7 0.844547 0.594981 0.074250 0.237214 
7 0.389914 0.484847 0.114266 0.294885 
7 0.470320 0.500573 0.051734 0.217176 
7 0.548953 0.500134 0.097875 0.268588 
7 0.637875 0.504179 0.071469 0.264542 
7 0.240195 0.526031 0.067578 0.278550 
7 0.189555 0.534580 0.067703 0.269313 
7 0.302406 0.502156 0.076594 0.277443 
7 0.500508 0.481546 0.038266 0.297672 
7 0.722789 0.535477 0.061641 0.258053 
7 0.662789 0.371851 0.044391 0.082634 
7 0.788750 0.417805 0.042469 0.068511 
7 0.655336 0.505706 0.077984 0.300267 
7 0.489844 0.500000 0.776563 0.404580 
