0 0.222813 0.491089 0.274594 0.380117 
0 0.508656 0.443689 0.238937 0.434684 
0 0.842602 0.457272 0.313234 0.528173 
0 0.322875 0.260316 0.082937 0.253888 
1 0.407398 0.690843 0.026422 0.063607 
0 0.238055 0.194824 0.081453 0.115925 
0 0.751391 0.116522 0.092250 0.168595 
0 0.853102 0.097834 0.059516 0.117166 
0 0.933828 0.213337 0.082281 0.138197 
0 0.238492 0.106347 0.049953 0.144684 
0 0.953008 0.266663 0.090609 0.325925 
0 0.438477 0.228642 0.071516 0.376253 
6 0.836125 0.448220 0.061031 0.047541 
6 0.924414 0.235796 0.019641 0.025363 
6 0.664023 0.148700 0.004922 0.006440 
1 0.930820 0.883993 0.035578 0.086956 
0 0.092328 0.220831 0.087094 0.155621 
0 0.668250 0.286265 0.116031 0.286159 
6 0.085859 0.223068 0.014875 0.012178 
0 0.499219 0.498829 0.998437 0.997658 
0 0.499219 0.498829 0.998437 0.997658 
0 0.499219 0.498829 0.998437 0.997658 
