6 0.489875 0.507750 0.061625 0.363875 
0 0.439047 0.410115 0.369094 0.676396 
0 0.496352 0.741573 0.392703 0.489896 
0 0.808984 0.510552 0.377531 0.946063 
0 0.151359 0.288260 0.259781 0.407938 
0 0.137359 0.647188 0.271344 0.674167 
3 0.029734 0.126146 0.026312 0.110542 
3 0.041219 0.246594 0.013187 0.079729 
3 0.050711 0.247615 0.009266 0.081813 
3 0.018563 0.121292 0.024375 0.105958 
3 0.020227 0.025156 0.037078 0.047188 
3 0.012227 0.126667 0.024453 0.111042 
3 0.035945 0.129990 0.021328 0.098354 
3 0.032398 0.247438 0.013609 0.079125 
3 0.009531 0.246719 0.016156 0.084521 
3 0.021852 0.250146 0.009172 0.081500 
0 0.509047 0.073375 0.231188 0.146750 
