0 0.194508 0.426097 0.086391 0.185861 
0 0.269680 0.486069 0.113922 0.246639 
0 0.373734 0.719597 0.212844 0.518028 
0 0.426484 0.452653 0.105094 0.208361 
0 0.547719 0.441083 0.091750 0.166889 
0 0.695227 0.698875 0.184547 0.602250 
0 0.341102 0.346667 0.058922 0.120833 
0 0.872109 0.374931 0.083500 0.190694 
0 0.106180 0.511236 0.136516 0.262917 
0 0.514578 0.287250 0.028906 0.043000 
0 0.818344 0.256611 0.041156 0.148611 
0 0.615109 0.267764 0.068781 0.178028 
4 0.669180 0.089931 0.092984 0.082139 
0 0.336500 0.279736 0.074875 0.203972 
4 0.156961 0.436889 0.019641 0.044444 
4 0.586188 0.381792 0.024375 0.034139 
0 0.517969 0.425000 0.960938 0.400000 
