7 0.442905 0.343563 0.068063 0.060397 
7 0.240857 0.326881 0.068825 0.047317 
7 0.087222 0.300048 0.044286 0.057333 
7 0.386460 0.340270 0.068254 0.044444 
7 0.468976 0.333452 0.051635 0.051635 
7 0.327683 0.335817 0.059365 0.052619 
7 0.346492 0.301063 0.064889 0.026127 
7 0.300540 0.299119 0.042603 0.031063 
7 0.162286 0.296563 0.064540 0.023222 
7 0.155595 0.315278 0.069952 0.042175 
7 0.207135 0.289556 0.057571 0.039587 
7 0.423889 0.306389 0.062603 0.027413 
7 0.254968 0.319341 0.050095 0.054460 
7 0.290476 0.316667 0.371429 0.093651 
7 0.290476 0.316667 0.371429 0.093651 
