3 0.543266 0.258435 0.040563 0.323598 
3 0.512461 0.216998 0.030047 0.262921 
3 0.573578 0.712360 0.030906 0.281869 
3 0.551109 0.963949 0.084937 0.072056 
3 0.557797 0.689661 0.023500 0.276192 
3 0.481656 0.594521 0.031094 0.311752 
3 0.471508 0.154451 0.062359 0.308902 
3 0.319836 0.127675 0.216078 0.250771 
3 0.564633 0.306869 0.029422 0.282336 
3 0.115195 0.945537 0.008578 0.108925 
3 0.585375 0.046157 0.044250 0.092313 
3 0.059687 0.948832 0.019250 0.102336 
3 0.499898 0.613458 0.017609 0.301355 
3 0.482031 0.567757 0.960938 0.859813 
