3 0.852258 0.615927 0.082297 0.317271 
3 0.155867 0.360448 0.161641 0.163438 
3 0.732727 0.512469 0.041234 0.282438 
3 0.651211 0.148104 0.106266 0.227292 
3 0.916320 0.637250 0.140359 0.302667 
3 0.568500 0.104563 0.057375 0.201625 
3 0.718820 0.184260 0.123047 0.251688 
3 0.791203 0.560094 0.057531 0.209896 
3 0.811523 0.608010 0.038766 0.258437 
3 0.617188 0.112750 0.088719 0.216042 
3 0.607055 0.106365 0.088734 0.212729 
3 0.755359 0.558729 0.045031 0.232875 
3 0.568750 0.322917 0.600000 0.641667 
3 0.568750 0.322917 0.600000 0.641667 
