1 0.163414 0.937313 0.160078 0.117617 
0 0.891484 0.617640 0.217031 0.764720 
0 0.786047 0.475853 0.266500 0.667266 
0 0.499727 0.319030 0.212891 0.346379 
0 0.123523 0.355876 0.174672 0.315304 
0 0.037570 0.261799 0.075141 0.258411 
0 0.108352 0.164217 0.066547 0.114836 
0 0.379250 0.216227 0.113031 0.252033 
0 0.193125 0.311530 0.125469 0.297173 
0 0.314844 0.119848 0.045906 0.106005 
6 0.333055 0.301963 0.016266 0.032710 
3 0.764414 0.538668 0.125234 0.176729 
0 0.411836 0.166460 0.083391 0.156379 
0 0.223891 0.156308 0.088344 0.110701 
6 0.322945 0.137558 0.007297 0.005584 
0 0.326547 0.296565 0.198219 0.309579 
