0 0.456586 0.460938 0.146047 0.337750 
0 0.308234 0.420490 0.078406 0.210396 
0 0.167883 0.416042 0.095391 0.085000 
1 0.640828 0.184240 0.006031 0.063354 
8 0.534273 0.907865 0.182016 0.179771 
1 0.653844 0.196208 0.012188 0.088583 
1 0.640617 0.200563 0.014422 0.084792 
1 0.664906 0.208458 0.018375 0.118333 
1 0.711133 0.184333 0.011766 0.090667 
1 0.741586 0.200354 0.019578 0.116375 
1 0.772891 0.285250 0.024594 0.059917 
1 0.631680 0.181083 0.013516 0.070917 
1 0.803289 0.245875 0.015641 0.042250 
1 0.774445 0.203844 0.013453 0.126979 
1 0.721406 0.195917 0.016438 0.115292 
1 0.783414 0.222979 0.015078 0.125458 
1 0.762906 0.193990 0.023187 0.128896 
