0 0.559008 0.605023 0.147047 0.623427 
0 0.530023 0.270892 0.027547 0.115023 
0 0.433055 0.341620 0.031984 0.271549 
3 0.047758 0.362148 0.028422 0.058709 
3 0.303266 0.432031 0.026687 0.055751 
3 0.256461 0.434214 0.025828 0.053732 
3 0.734211 0.426866 0.027797 0.058615 
3 0.664133 0.429660 0.035891 0.069648 
3 0.682242 0.345857 0.039828 0.071901 
3 0.283453 0.356878 0.024406 0.058310 
3 0.486398 0.218462 0.003078 0.019836 
3 0.308523 0.205810 0.005984 0.039601 
3 0.679961 0.508744 0.025828 0.048897 
3 0.233562 0.434308 0.023625 0.056737 
3 0.657852 0.513545 0.021547 0.041502 
0 0.511758 0.287981 0.029141 0.115258 
0 0.284219 0.270012 0.071000 0.110869 
3 0.326680 0.549038 0.038672 0.025023 
3 0.499219 0.395540 0.998437 0.424883 
