6 0.472930 0.509365 0.018266 0.121521 
0 0.206836 0.788115 0.413672 0.401354 
0 0.701969 0.525844 0.271344 0.386521 
0 0.562922 0.512365 0.131469 0.247188 
0 0.482672 0.458156 0.121188 0.235979 
0 0.272313 0.479594 0.197781 0.255979 
0 0.088992 0.509688 0.177984 0.244042 
0 0.728094 0.798875 0.421344 0.370792 
6 0.092680 0.534583 0.034016 0.075417 
1 0.020461 0.798083 0.020422 0.043917 
1 0.503492 0.727125 0.044484 0.037667 
1 0.440219 0.633458 0.025219 0.021833 
0 0.976938 0.465104 0.046125 0.178708 
