3 0.256667 0.380367 0.181792 0.078109 
3 0.235521 0.289469 0.016917 0.064250 
3 0.182688 0.200086 0.027708 0.057703 
3 0.348073 0.097180 0.008563 0.041141 
3 0.433115 0.178031 0.011729 0.058688 
3 0.269469 0.579578 0.020521 0.094531 
3 0.476333 0.484969 0.028625 0.076125 
3 0.360969 0.585758 0.019854 0.102828 
3 0.426052 0.384375 0.018979 0.068937 
3 0.404135 0.476992 0.043104 0.080203 
3 0.511042 0.076266 0.017792 0.042406 
3 0.454823 0.484656 0.021271 0.073344 
2 0.344583 0.792211 0.204333 0.233766 
2 0.537229 0.816602 0.221917 0.185453 
2 0.921812 0.816602 0.156375 0.210609 
2 0.141104 0.816781 0.249625 0.174844 
3 0.464031 0.280914 0.019771 0.060453 
3 0.354167 0.333594 0.462500 0.607812 
