6 0.165180 0.463867 0.077480 0.156800 
6 0.444610 0.564507 0.080500 0.144160 
6 0.759940 0.526480 0.165760 0.170027 
2 0.574720 0.253240 0.185400 0.139333 
2 0.438240 0.529987 0.192600 0.478213 
2 0.307470 0.535373 0.238900 0.543333 
2 0.163480 0.523600 0.300000 0.611253 
2 0.752800 0.320013 0.187680 0.258427 
2 0.579680 0.512867 0.245920 0.454053 
2 0.889850 0.478933 0.177980 0.489173 
2 0.801400 0.596627 0.301680 0.591013 
2 0.394290 0.251707 0.116100 0.117813 
2 0.090860 0.444027 0.158960 0.467253 
6 0.326910 0.561347 0.094220 0.184720 
6 0.913430 0.488907 0.106860 0.108907 
