6 0.753742 0.803439 0.045859 0.295516 
6 0.278000 0.826362 0.050219 0.347277 
0 0.182414 0.540493 0.364828 0.897089 
0 0.486953 0.501491 0.148594 0.259366 
0 0.538508 0.482277 0.065266 0.154366 
0 0.398156 0.559366 0.151969 0.301362 
0 0.966563 0.579437 0.065219 0.427606 
0 0.881734 0.425599 0.088563 0.110728 
0 0.714234 0.626960 0.411344 0.723592 
0 0.906773 0.377347 0.046859 0.087793 
0 0.954461 0.436620 0.020359 0.075446 
0 0.037047 0.533439 0.074094 0.203685 
0 0.644984 0.415235 0.088594 0.160516 
0 0.928789 0.480892 0.073516 0.156338 
0 0.620258 0.459214 0.040141 0.103404 
