1 0.013750 0.665917 0.027500 0.060750 
1 0.612289 0.773312 0.102359 0.098333 
0 0.590250 0.403969 0.329594 0.576229 
0 0.833797 0.677510 0.332406 0.625562 
0 0.157617 0.371427 0.314891 0.531979 
0 0.907937 0.130625 0.184125 0.245500 
0 0.273031 0.232583 0.252812 0.451667 
0 0.334430 0.089354 0.094859 0.178708 
0 0.551141 0.081094 0.092719 0.162187 
0 0.600930 0.140813 0.211391 0.280708 
0 0.856484 0.102510 0.143781 0.205021 
0 0.954984 0.275667 0.090031 0.295917 
0 0.372086 0.044104 0.062109 0.088208 
1 0.435461 0.514896 0.022047 0.019708 
0 0.719078 0.052917 0.114094 0.105833 
