4 0.965016 0.680740 0.068187 0.222312 
5 0.534055 0.676854 0.018859 0.027375 
5 0.237352 0.752094 0.042703 0.036021 
3 0.690469 0.523500 0.081312 0.104542 
3 0.818969 0.546031 0.009594 0.053604 
3 0.841609 0.456313 0.007062 0.074208 
3 0.812805 0.633687 0.017391 0.081167 
5 0.872445 0.828042 0.052422 0.046250 
5 0.913977 0.756729 0.042984 0.027750 
3 0.794312 0.454917 0.003438 0.051042 
3 0.871859 0.638375 0.014250 0.078958 
3 0.769539 0.628948 0.010203 0.075188 
3 0.780117 0.627542 0.012609 0.078958 
3 0.823789 0.456042 0.170922 0.090500 
3 0.821984 0.538083 0.173500 0.083708 
3 0.842641 0.642073 0.009938 0.072063 
3 0.743695 0.621198 0.022516 0.087271 
5 0.301750 0.714365 0.022719 0.017937 
5 0.765938 0.825031 0.025625 0.049438 
5 0.669711 0.651115 0.054828 0.023771 
