0 0.266875 0.611979 0.464781 0.739321 
0 0.355859 0.477927 0.341313 0.476042 
0 0.642453 0.623595 0.409312 0.730328 
0 0.758773 0.455855 0.482453 0.502951 
0 0.871547 0.452705 0.090156 0.358103 
0 0.477258 0.359403 0.095047 0.172904 
6 0.668766 0.755621 0.089906 0.261124 
6 0.872781 0.418349 0.015656 0.121991 
6 0.321594 0.761417 0.061469 0.269672 
6 0.415484 0.563571 0.048938 0.174122 
6 0.267211 0.229801 0.007516 0.026721 
6 0.307750 0.212272 0.006313 0.037330 
6 0.344195 0.235749 0.004078 0.026674 
6 0.355852 0.269239 0.004391 0.029719 
6 0.364875 0.221639 0.005094 0.036019 
0 0.803797 0.359450 0.105813 0.352061 
0 0.495062 0.526112 0.198156 0.620187 
0 0.301750 0.210644 0.047250 0.092061 
0 0.315602 0.124719 0.016484 0.110094 
0 0.297336 0.235656 0.016328 0.030843 
0 0.370398 0.176827 0.062734 0.196745 
0 0.163477 0.403630 0.049922 0.239157 
6 0.822719 0.433607 0.007469 0.075035 
6 0.258594 0.254098 0.185938 0.208431 
