3 0.388719 0.599883 0.067937 0.108364 
3 0.884250 0.455421 0.023031 0.020140 
0 0.923039 0.521355 0.153922 0.202243 
0 0.493680 0.657301 0.259984 0.653949 
0 0.035313 0.515724 0.070625 0.105607 
0 0.671523 0.431297 0.029703 0.068762 
0 0.248523 0.538283 0.093391 0.038294 
0 0.630180 0.398984 0.018516 0.051939 
0 0.951641 0.418131 0.024844 0.046449 
0 0.294445 0.496507 0.080547 0.101285 
0 0.178250 0.390327 0.019406 0.078505 
0 0.180922 0.471998 0.060000 0.100304 
0 0.607352 0.389252 0.049828 0.184626 
0 0.649859 0.421916 0.019187 0.046075 
0 0.370367 0.469311 0.075891 0.127266 
0 0.496875 0.434579 0.903125 0.224299 
