0 0.306073 0.214961 0.144563 0.237891 
3 0.448240 0.460602 0.340146 0.117328 
3 0.452906 0.503375 0.334854 0.099844 
3 0.457177 0.533898 0.331313 0.092766 
3 0.458833 0.561578 0.324750 0.091938 
3 0.465646 0.586703 0.323500 0.098750 
3 0.469531 0.610500 0.319604 0.103344 
4 0.585281 0.189609 0.332479 0.218187 
3 0.474333 0.661297 0.312042 0.093844 
3 0.477469 0.682383 0.309688 0.105578 
3 0.479521 0.706180 0.297375 0.093234 
3 0.477365 0.747773 0.293979 0.089984 
3 0.483063 0.787828 0.283708 0.091281 
