7 0.425880 0.783227 0.049640 0.057600 
7 0.410920 0.750173 0.030600 0.041307 
7 0.630840 0.746427 0.017080 0.021387 
7 0.661740 0.743880 0.031960 0.020987 
7 0.240630 0.778427 0.074940 0.085333 
7 0.343690 0.722013 0.032140 0.033947 
7 0.437410 0.722600 0.034060 0.029200 
7 0.961330 0.815453 0.056260 0.059653 
7 0.391870 0.737280 0.031180 0.038880 
7 0.872490 0.807667 0.034340 0.030907 
7 0.069390 0.684880 0.022580 0.029227 
7 0.014930 0.668680 0.013940 0.016880 
7 0.872840 0.835800 0.041840 0.061413 
7 0.601000 0.744000 0.330000 0.058667 
