0 0.366208 0.515922 0.618833 0.571750 
4 0.655594 0.291336 0.058562 0.030453 
0 0.825792 0.395164 0.116167 0.116797 
0 0.595177 0.370742 0.080896 0.063234 
0 0.663031 0.369750 0.057854 0.057219 
0 0.769427 0.345234 0.043021 0.055906 
0 0.720427 0.396813 0.115354 0.121313 
0 0.271802 0.412195 0.208229 0.212953 
0 0.532979 0.373688 0.045667 0.055156 
0 0.646479 0.348031 0.038750 0.050344 
0 0.796208 0.354805 0.023417 0.028297 
0 0.545521 0.346117 0.035833 0.053547 
0 0.669802 0.379922 0.053396 0.045500 
0 0.754781 0.372273 0.053021 0.073703 
4 0.168438 0.258336 0.105375 0.172578 
