0 0.460930 0.565445 0.570391 0.841522 
5 0.710211 0.732272 0.089516 0.071241 
3 0.703125 0.498677 0.058031 0.173044 
3 0.633383 0.307436 0.148766 0.175667 
3 0.751492 0.662084 0.016578 0.141546 
3 0.935922 0.495902 0.035000 0.191663 
3 0.791617 0.310890 0.025359 0.180234 
3 0.942953 0.689087 0.029344 0.172412 
3 0.947477 0.870457 0.035234 0.173138 
3 0.975117 0.500726 0.049766 0.180094 
3 0.167766 0.276967 0.015344 0.173700 
3 0.775367 0.501956 0.055453 0.168314 
3 0.754031 0.500761 0.067062 0.176745 
3 0.701063 0.306991 0.046750 0.177822 
3 0.310117 0.282447 0.033891 0.165410 
3 0.499219 0.576112 0.998437 0.796253 
3 0.499219 0.576112 0.998437 0.796253 
