3 0.816273 0.634459 0.032828 0.186518 
3 0.878945 0.615353 0.026859 0.157294 
3 0.863148 0.623129 0.025297 0.167294 
3 0.094508 0.616000 0.056297 0.221271 
3 0.835883 0.618824 0.049172 0.197082 
3 0.068203 0.592200 0.048031 0.287082 
3 0.049609 0.589694 0.047406 0.301506 
3 0.027078 0.619224 0.046781 0.260188 
3 0.079266 0.180176 0.053844 0.313059 
3 0.013664 0.622271 0.027328 0.270565 
3 0.899375 0.609318 0.022250 0.170259 
3 0.500000 0.443529 0.996875 0.844706 
3 0.500000 0.443529 0.996875 0.844706 
