0 0.782945 0.560604 0.259641 0.646750 
0 0.813234 0.138208 0.056906 0.125583 
3 0.616461 0.328740 0.005141 0.054437 
3 0.586695 0.396156 0.009703 0.055063 
3 0.526258 0.318958 0.069391 0.053833 
3 0.521813 0.383844 0.006063 0.048229 
3 0.678758 0.336865 0.011516 0.057979 
3 0.380945 0.302396 0.006703 0.043417 
3 0.315258 0.299938 0.006672 0.036125 
3 0.265727 0.289896 0.004672 0.031000 
3 0.288961 0.343896 0.020828 0.039625 
3 0.604883 0.328510 0.006391 0.055771 
3 0.428078 0.540969 0.068719 0.049688 
3 0.612195 0.327427 0.004734 0.055104 
3 0.521359 0.380240 0.017906 0.055896 
0 0.218180 0.638187 0.424672 0.690917 
3 0.507812 0.341667 0.981250 0.329167 
3 0.507812 0.341667 0.981250 0.329167 
