3 0.908352 0.640886 0.032734 0.058439 
3 0.842023 0.739599 0.038047 0.044810 
3 0.200555 0.690359 0.055922 0.063249 
2 0.490836 0.823386 0.113797 0.216013 
2 0.746641 0.671487 0.118844 0.212468 
2 0.487586 0.534768 0.114578 0.230928 
6 0.336367 0.486192 0.014047 0.016772 
3 0.869891 0.739051 0.048188 0.094346 
3 0.254437 0.643038 0.055031 0.064473 
3 0.215516 0.618175 0.050938 0.062932 
3 0.853336 0.858692 0.056422 0.060211 
3 0.884727 0.574673 0.047547 0.053692 
3 0.896844 0.622764 0.041406 0.049241 
2 0.350500 0.509283 0.104781 0.199747 
