7 0.317805 0.542813 0.121641 0.157667 
7 0.277594 0.591521 0.102156 0.110667 
7 0.179797 0.611396 0.168500 0.160917 
7 0.090570 0.628021 0.181141 0.165583 
7 0.021898 0.662000 0.043797 0.112167 
7 0.957313 0.558469 0.085375 0.204146 
7 0.892633 0.544917 0.078016 0.190042 
7 0.506484 0.557948 0.059281 0.162437 
7 0.402477 0.549750 0.066797 0.134875 
7 0.642648 0.579323 0.099797 0.068271 
7 0.811953 0.580729 0.106531 0.213458 
7 0.699555 0.553031 0.099047 0.096563 
7 0.764664 0.551771 0.129766 0.198917 
