6 0.565094 0.352211 0.056979 0.152859 
0 0.579321 0.544945 0.471522 0.856172 
3 0.196487 0.656781 0.122248 0.022937 
3 0.292026 0.880219 0.041569 0.105125 
3 0.380211 0.722977 0.174754 0.013891 
3 0.331815 0.878039 0.038056 0.099703 
2 0.198782 0.464430 0.141124 0.144328 
3 0.446628 0.872227 0.022717 0.101016 
3 0.194251 0.611703 0.024614 0.056969 
3 0.113724 0.883906 0.018501 0.093250 
2 0.106382 0.473484 0.095714 0.104313 
3 0.198864 0.628461 0.196885 0.097266 
3 0.362260 0.631391 0.020117 0.077563 
3 0.236956 0.882867 0.026511 0.103578 
3 0.391370 0.870586 0.036136 0.104828 
3 0.178899 0.883945 0.022857 0.091047 
3 0.425703 0.866094 0.037260 0.125500 
3 0.271230 0.881547 0.038525 0.113094 
