7 0.161531 0.656552 0.020250 0.034104 
7 0.243773 0.643250 0.042297 0.023250 
7 0.850672 0.653135 0.023813 0.020313 
7 0.450172 0.619635 0.017375 0.012896 
7 0.523883 0.667573 0.014859 0.025438 
7 0.371906 0.668177 0.032469 0.019354 
7 0.323633 0.657625 0.023578 0.025792 
7 0.807492 0.655802 0.017047 0.016688 
7 0.535273 0.625104 0.010641 0.013167 
7 0.902312 0.667583 0.017063 0.023500 
7 0.932664 0.672510 0.019766 0.026062 
7 0.814359 0.648281 0.016063 0.014563 
7 0.457031 0.627083 0.879687 0.091667 
7 0.457031 0.627083 0.879687 0.091667 
