0 0.777680 0.522740 0.263422 0.720354 
0 0.577250 0.592875 0.197188 0.701125 
0 0.444945 0.587646 0.259547 0.802250 
0 0.016891 0.693135 0.033781 0.613729 
0 0.115391 0.747833 0.087375 0.255958 
0 0.230094 0.609125 0.277531 0.758792 
5 0.445945 0.607354 0.020266 0.023083 
5 0.754648 0.390688 0.030422 0.014208 
5 0.406922 0.557281 0.415969 0.121354 
5 0.199930 0.573521 0.018797 0.017083 
0 0.038766 0.660677 0.077531 0.678646 
0 0.400891 0.719615 0.094188 0.157437 
0 0.095664 0.819896 0.088953 0.159625 
0 0.321633 0.658167 0.073297 0.152917 
