0 0.613602 0.465604 0.151984 0.721667 
3 0.832961 0.109865 0.008109 0.068479 
3 0.828406 0.109990 0.025406 0.080938 
3 0.825539 0.242354 0.014172 0.085500 
3 0.806867 0.404187 0.041484 0.026667 
3 0.846844 0.106531 0.017125 0.070396 
3 0.810992 0.384948 0.058234 0.031979 
3 0.816031 0.369458 0.051094 0.022125 
3 0.830227 0.339406 0.045703 0.021354 
3 0.842539 0.240219 0.013766 0.070062 
3 0.805406 0.495969 0.022437 0.023062 
3 0.759945 0.346219 0.006828 0.055521 
3 0.757477 0.036510 0.019797 0.073021 
