4 0.575727 0.471643 0.122141 0.129906 
5 0.289773 0.923228 0.043734 0.075986 
3 0.117078 0.681866 0.010906 0.056831 
3 0.115109 0.779636 0.048406 0.085939 
3 0.146930 0.657606 0.009891 0.024836 
3 0.090937 0.691209 0.017344 0.065000 
3 0.097086 0.689636 0.009953 0.058615 
3 0.100750 0.684812 0.026594 0.064648 
3 0.107227 0.681608 0.016734 0.062840 
3 0.118539 0.676467 0.016797 0.061901 
3 0.131422 0.659566 0.014750 0.034953 
3 0.124727 0.661761 0.014047 0.041878 
3 0.135539 0.656256 0.015734 0.031056 
3 0.172367 0.642359 0.009547 0.036690 
3 0.148969 0.649859 0.015875 0.032535 
