4 0.505016 0.279216 0.221094 0.170795 
3 0.249617 0.322638 0.006734 0.059978 
3 0.324641 0.417770 0.006594 0.059029 
3 0.261523 0.323499 0.004828 0.053841 
3 0.235883 0.321501 0.009266 0.057748 
3 0.243781 0.420386 0.006375 0.059978 
3 0.750375 0.413764 0.048344 0.006071 
3 0.757078 0.238046 0.054125 0.027174 
3 0.331430 0.418609 0.008734 0.058322 
3 0.254828 0.418212 0.008094 0.056468 
3 0.233477 0.419956 0.015078 0.063002 
3 0.265328 0.325695 0.002969 0.049316 
3 0.275227 0.511545 0.015391 0.066578 
3 0.262555 0.515210 0.011203 0.058940 
3 0.500781 0.418322 0.564063 0.253863 
