0 0.771266 0.202802 0.061281 0.176021 
0 0.190898 0.228854 0.050141 0.121417 
0 0.271758 0.201208 0.099797 0.253875 
0 0.444766 0.257708 0.087500 0.296875 
0 0.495031 0.216198 0.057375 0.169396 
0 0.785937 0.574885 0.237906 0.850229 
0 0.675391 0.247031 0.043844 0.173771 
0 0.712891 0.172656 0.042156 0.052396 
0 0.727750 0.161365 0.063313 0.106854 
0 0.907789 0.414458 0.086734 0.419583 
3 0.101312 0.294156 0.029500 0.034229 
3 0.957891 0.263896 0.028281 0.080500 
3 0.034992 0.271646 0.029266 0.034875 
0 0.354773 0.315729 0.267984 0.361792 
0 0.505297 0.182604 0.022375 0.030042 
3 0.108961 0.264750 0.029484 0.026958 
3 0.484703 0.476667 0.088813 0.162333 
3 0.067695 0.301458 0.031578 0.026792 
3 0.052539 0.306073 0.031797 0.028271 
0 0.687898 0.313688 0.223734 0.243167 
