0 0.160508 0.249885 0.117234 0.253646 
0 0.236289 0.111667 0.071047 0.144667 
0 0.568820 0.228083 0.123047 0.200000 
0 0.864445 0.268156 0.083422 0.164938 
0 0.948859 0.260104 0.102281 0.178042 
0 0.031375 0.094427 0.062750 0.138854 
0 0.956539 0.183385 0.086922 0.155521 
6 0.957102 0.270375 0.010766 0.038167 
0 0.365063 0.528083 0.433906 0.943833 
0 0.112617 0.090823 0.093203 0.150354 
0 0.039242 0.243552 0.078484 0.178146 
0 0.105617 0.013990 0.092422 0.027979 
0 0.663641 0.244708 0.088688 0.151375 
