1 0.748805 0.919302 0.134047 0.034937 
1 0.338766 0.889198 0.121969 0.032938 
0 0.934078 0.281427 0.129937 0.224729 
0 0.522352 0.333198 0.100266 0.162354 
0 0.346414 0.507854 0.218609 0.369958 
0 0.208609 0.611240 0.235156 0.473271 
0 0.682648 0.396760 0.108047 0.281938 
0 0.768563 0.469156 0.184500 0.398396 
0 0.858992 0.641573 0.282016 0.694396 
0 0.645508 0.338760 0.080891 0.182021 
0 0.351352 0.382521 0.093922 0.238208 
0 0.401789 0.346604 0.107109 0.193667 
0 0.123875 0.654375 0.247750 0.667417 
1 0.680227 0.699198 0.085578 0.017729 
1 0.647805 0.582865 0.064359 0.015437 
