5 0.549594 0.757750 0.018219 0.020583 
3 0.819805 0.667292 0.054609 0.024708 
3 0.533320 0.770677 0.085078 0.030687 
3 0.846563 0.780302 0.007344 0.063854 
3 0.830062 0.680542 0.072625 0.014875 
3 0.846273 0.767385 0.053641 0.088146 
3 0.830211 0.692396 0.088953 0.022000 
3 0.862000 0.785427 0.005687 0.066854 
3 0.851516 0.782854 0.008063 0.061333 
3 0.884609 0.767167 0.015313 0.021208 
3 0.877125 0.763583 0.026375 0.037167 
4 0.108688 0.627469 0.116719 0.242646 
3 0.796937 0.744708 0.027781 0.015167 
3 0.865867 0.781615 0.023984 0.074313 
