3 0.039367 0.291145 0.020828 0.154206 
3 0.019547 0.308575 0.019312 0.118972 
3 0.177703 0.196963 0.051531 0.020000 
3 0.056398 0.481425 0.017797 0.124673 
3 0.090750 0.491460 0.046594 0.109696 
3 0.062023 0.287652 0.023641 0.172453 
3 0.078859 0.287056 0.016063 0.173925 
3 0.006617 0.313481 0.013234 0.119439 
3 0.051078 0.293014 0.016281 0.144907 
3 0.073141 0.035514 0.009687 0.071028 
3 0.021609 0.027886 0.018625 0.055771 
3 0.041344 0.030386 0.006656 0.057967 
3 0.061188 0.030853 0.009687 0.061706 
3 0.125000 0.287383 0.246875 0.574766 
3 0.125000 0.287383 0.246875 0.574766 
