6 0.838844 0.595632 0.019344 0.145785 
0 0.441406 0.648466 0.538312 0.703068 
0 0.895133 0.685340 0.209734 0.629321 
0 0.951867 0.461452 0.035203 0.053677 
0 0.707461 0.489251 0.088547 0.240890 
0 0.793125 0.649063 0.146937 0.489883 
0 0.643437 0.546557 0.084500 0.258220 
0 0.846969 0.377857 0.045125 0.082319 
0 0.804906 0.397518 0.038875 0.069836 
0 0.405469 0.504906 0.040344 0.105176 
0 0.366836 0.501850 0.039953 0.112927 
6 0.711695 0.465785 0.013078 0.037611 
0 0.718328 0.735410 0.087313 0.524122 
0 0.984148 0.448162 0.031703 0.115948 
0 0.365555 0.601452 0.223859 0.197237 
0 0.643750 0.563232 0.690625 0.391101 
0 0.643750 0.563232 0.690625 0.391101 
0 0.643750 0.563232 0.690625 0.391101 
