3 0.902680 0.104500 0.126453 0.049708 
4 0.500508 0.477313 0.254953 0.282625 
3 0.807617 0.154198 0.028422 0.082812 
3 0.148164 0.349583 0.157578 0.144042 
3 0.747453 0.223781 0.142469 0.033521 
3 0.831172 0.172104 0.034469 0.125000 
3 0.087398 0.890687 0.153609 0.098417 
3 0.747688 0.218531 0.130094 0.029979 
3 0.909391 0.154125 0.108531 0.025583 
3 0.633719 0.214083 0.084281 0.035583 
3 0.883242 0.442073 0.232453 0.271104 
3 0.810156 0.151042 0.376563 0.277083 
3 0.810156 0.151042 0.376563 0.277083 
