4 0.107650 0.277640 0.215300 0.249413 
0 0.721350 0.473027 0.182020 0.339333 
0 0.547530 0.355093 0.153460 0.344800 
0 0.353870 0.388213 0.135180 0.418133 
0 0.117450 0.653080 0.233500 0.574960 
0 0.745450 0.572893 0.313420 0.442587 
0 0.276320 0.284853 0.092120 0.374507 
5 0.754820 0.505013 0.039600 0.051947 
5 0.282510 0.515520 0.036380 0.021013 
5 0.635070 0.547800 0.013060 0.010373 
5 0.244130 0.257667 0.021860 0.034373 
5 0.260420 0.509760 0.020640 0.017653 
0 0.665460 0.400453 0.129960 0.283360 
0 0.100000 0.858853 0.196280 0.256800 
