2 0.115086 0.456608 0.094609 0.117582 
2 0.544148 0.520962 0.081578 0.132535 
2 0.384773 0.464026 0.034078 0.063122 
2 0.473422 0.566291 0.076281 0.179765 
4 0.710125 0.315282 0.189906 0.223803 
4 0.525773 0.320223 0.183984 0.222465 
2 0.377883 0.399026 0.077359 0.124859 
2 0.285258 0.551655 0.049703 0.155469 
2 0.401023 0.536643 0.057953 0.118357 
2 0.556672 0.744014 0.136187 0.169765 
2 0.198414 0.592946 0.074078 0.128709 
2 0.110789 0.611819 0.055047 0.087629 
2 0.117969 0.562207 0.145313 0.147887 
2 0.117969 0.562207 0.145313 0.147887 
