0 0.593812 0.590125 0.240781 0.768333 
0 0.789953 0.382094 0.077844 0.166563 
0 0.351453 0.451771 0.038937 0.042333 
0 0.319008 0.449990 0.034578 0.052521 
0 0.197148 0.509167 0.300328 0.727083 
5 0.511625 0.667510 0.027875 0.070438 
5 0.826375 0.524563 0.013750 0.023250 
5 0.096727 0.573552 0.019734 0.037854 
0 0.412258 0.469823 0.068453 0.101021 
0 0.390219 0.453937 0.020625 0.035208 
4 0.727539 0.384146 0.070359 0.128792 
4 0.970008 0.465865 0.059984 0.078229 
4 0.907570 0.311042 0.184578 0.281500 
4 0.067883 0.326896 0.135453 0.251875 
0 0.863242 0.521885 0.153266 0.509813 
