1 0.382771 0.246234 0.104875 0.126906 
3 0.844333 0.092711 0.024083 0.115516 
3 0.814458 0.093133 0.026792 0.123641 
3 0.778521 0.105555 0.034875 0.117172 
3 0.646208 0.104867 0.048042 0.112859 
1 0.401146 0.206750 0.118958 0.221563 
1 0.453625 0.154172 0.067792 0.179719 
3 0.749198 0.106078 0.032729 0.112906 
3 0.800333 0.099836 0.022208 0.135547 
3 0.696490 0.094477 0.085062 0.087266 
3 0.832281 0.091688 0.025521 0.121188 
3 0.598542 0.047211 0.032792 0.036297 
1 0.399760 0.112312 0.034104 0.092406 
1 0.517542 0.082258 0.123333 0.164516 
1 0.495792 0.226414 0.044625 0.189328 
1 0.421604 0.117313 0.040792 0.111500 
1 0.568198 0.121922 0.097354 0.120375 
1 0.439031 0.240406 0.089896 0.165031 
