0 0.258641 0.545667 0.239969 0.343333 
0 0.758711 0.622906 0.482578 0.725854 
5 0.333937 0.610135 0.410687 0.273271 
3 0.056047 0.237469 0.016219 0.098062 
3 0.052039 0.484458 0.027141 0.101083 
3 0.030453 0.613365 0.024688 0.100021 
3 0.063703 0.606927 0.020938 0.112521 
3 0.070563 0.482521 0.016500 0.104208 
3 0.038266 0.236187 0.019656 0.100292 
3 0.018250 0.235083 0.033781 0.103958 
3 0.040961 0.484594 0.080141 0.106854 
0 0.465609 0.543844 0.196313 0.425063 
3 0.008430 0.619250 0.016859 0.096625 
3 0.025133 0.713417 0.050266 0.030792 
3 0.053070 0.606750 0.009891 0.115375 
3 0.069625 0.699417 0.017563 0.059167 
0 0.887359 0.510115 0.123031 0.305604 
0 0.827930 0.504302 0.040297 0.257354 
5 0.103102 0.773510 0.026828 0.063021 
