0 0.722906 0.553630 0.040094 0.233979 
0 0.640820 0.556240 0.050859 0.225969 
0 0.673477 0.565607 0.025453 0.172041 
0 0.757141 0.545116 0.021031 0.191628 
0 0.768352 0.572623 0.026766 0.146434 
0 0.578562 0.569535 0.024219 0.162584 
0 0.555094 0.549276 0.031344 0.208062 
0 0.493344 0.573850 0.039031 0.158088 
0 0.510437 0.567183 0.040344 0.167700 
0 0.455227 0.574470 0.025109 0.163773 
0 0.413953 0.577067 0.027187 0.157855 
6 0.717641 0.517494 0.012313 0.064858 
0 0.374437 0.572429 0.023031 0.174884 
6 0.189164 0.565620 0.009453 0.047881 
6 0.218828 0.564470 0.004250 0.053230 
6 0.505148 0.550504 0.002484 0.030000 
0 0.560156 0.409561 0.829688 0.540052 
