0 0.501891 0.584270 0.179719 0.592847 
0 0.692773 0.557847 0.201703 0.514689 
0 0.191109 0.667261 0.370500 0.573995 
3 0.071828 0.091364 0.029625 0.103636 
3 0.131148 0.226065 0.028891 0.088493 
3 0.050289 0.104557 0.022516 0.076005 
3 0.089391 0.094163 0.051625 0.106555 
3 0.019023 0.090957 0.035141 0.106603 
3 0.173680 0.228876 0.011516 0.080239 
3 0.058430 0.090945 0.028109 0.100742 
3 0.146086 0.229617 0.017891 0.086077 
3 0.073016 0.221459 0.012250 0.080191 
3 0.081359 0.219390 0.019719 0.087153 
3 0.161953 0.223146 0.014813 0.097632 
3 0.090672 0.225730 0.019875 0.075048 
3 0.041117 0.103194 0.027797 0.079737 
