0 0.125844 0.726917 0.238187 0.546167 
0 0.040703 0.612469 0.081406 0.341062 
0 0.780180 0.763646 0.251391 0.465750 
0 0.136523 0.417771 0.065703 0.064167 
0 0.166781 0.392083 0.063406 0.092917 
0 0.185328 0.449896 0.055719 0.115208 
0 0.340438 0.471479 0.067437 0.111250 
0 0.375000 0.439917 0.045906 0.076250 
0 0.534273 0.579146 0.147828 0.263625 
0 0.873984 0.646813 0.147125 0.362083 
0 0.809594 0.397135 0.217937 0.318771 
1 0.349820 0.781417 0.016484 0.041250 
1 0.573625 0.827448 0.056375 0.018562 
1 0.669227 0.787865 0.076391 0.016188 
1 0.385828 0.833594 0.055000 0.027563 
0 0.245922 0.527906 0.089969 0.301604 
6 0.805984 0.377219 0.037344 0.016271 
0 0.316727 0.621458 0.135828 0.229917 
0 0.260156 0.458333 0.517188 0.204167 
0 0.260156 0.458333 0.517188 0.204167 
