4 0.443067 0.205760 0.425227 0.279840 
3 0.132387 0.710300 0.015867 0.118080 
3 0.180173 0.811940 0.252240 0.083320 
3 0.687640 0.514180 0.026640 0.180400 
3 0.208307 0.869170 0.241467 0.062740 
3 0.707533 0.667620 0.019867 0.068120 
3 0.702200 0.515540 0.024720 0.180280 
3 0.671560 0.512650 0.014320 0.188220 
3 0.296747 0.733930 0.121173 0.032020 
3 0.222427 0.837720 0.224480 0.049200 
3 0.227520 0.854820 0.237387 0.048320 
3 0.659107 0.476410 0.019280 0.083260 
3 0.724507 0.515470 0.024853 0.181260 
