3 0.961812 0.119648 0.033042 0.042203 
3 0.934667 0.223195 0.019458 0.036234 
3 0.927979 0.270594 0.015125 0.033250 
3 0.910729 0.119844 0.016208 0.047406 
3 0.937042 0.121391 0.019625 0.041875 
3 0.948865 0.121305 0.024021 0.044672 
3 0.919104 0.270914 0.006708 0.030422 
3 0.973802 0.272195 0.008646 0.032234 
3 0.889552 0.360172 0.011146 0.041125 
3 0.978531 0.175898 0.042937 0.004516 
3 0.992010 0.224297 0.015979 0.043375 
3 0.984250 0.122430 0.024625 0.036391 
3 0.918771 0.168961 0.011167 0.037484 
3 0.935417 0.259375 0.125000 0.237500 
