3 0.851613 0.298810 0.040827 0.113420 
3 0.800480 0.107600 0.100053 0.215200 
3 0.799760 0.283740 0.018720 0.104720 
3 0.819987 0.291060 0.019920 0.107920 
3 0.762920 0.274140 0.065200 0.110560 
3 0.910867 0.120220 0.125840 0.222480 
3 0.880933 0.309190 0.038080 0.115900 
3 0.714373 0.256100 0.017227 0.093640 
3 0.812333 0.289540 0.021360 0.111640 
4 0.154147 0.358290 0.300293 0.349620 
4 0.378453 0.654430 0.362187 0.233220 
3 0.895813 0.315790 0.026027 0.115780 
3 0.657107 0.241570 0.019387 0.090340 
3 0.945080 0.334500 0.109840 0.151880 
