4 0.933992 0.681458 0.132016 0.274167 
3 0.859172 0.218031 0.017375 0.043937 
3 0.841664 0.280167 0.017922 0.042708 
3 0.829289 0.344823 0.010422 0.046062 
3 0.896523 0.283292 0.007078 0.047958 
3 0.805961 0.469688 0.006203 0.030292 
3 0.952367 0.360021 0.007922 0.050042 
3 0.960539 0.422135 0.063234 0.059021 
3 0.971383 0.227375 0.057234 0.055542 
3 0.837398 0.392885 0.057391 0.043146 
3 0.922117 0.354729 0.010703 0.049083 
3 0.875391 0.349240 0.008937 0.048979 
3 0.927031 0.471562 0.012844 0.051917 
3 0.957820 0.360760 0.004609 0.049813 
3 0.860156 0.392708 0.276562 0.427083 
