2 0.222220 0.596636 0.120000 0.213484 
2 0.472330 0.632593 0.113220 0.105612 
2 0.420010 0.644415 0.049300 0.099096 
2 0.329740 0.575372 0.094560 0.125745 
2 0.404240 0.481862 0.049200 0.092287 
2 0.597290 0.378617 0.044500 0.102766 
2 0.603330 0.707340 0.031540 0.101968 
2 0.375580 0.484907 0.049880 0.091569 
2 0.124330 0.715040 0.053140 0.081356 
2 0.536270 0.644162 0.064460 0.085718 
2 0.783350 0.496037 0.043580 0.084947 
2 0.827170 0.502274 0.048500 0.062473 
2 0.569200 0.703577 0.050200 0.136888 
2 0.541000 0.595745 0.914000 0.335106 
2 0.541000 0.595745 0.914000 0.335106 
