3 0.478992 0.436635 0.159016 0.057146 
3 0.489359 0.541354 0.146719 0.051917 
3 0.641578 0.491563 0.130094 0.068208 
3 0.644656 0.599490 0.128250 0.081896 
3 0.887773 0.532094 0.131109 0.105813 
3 0.634484 0.561719 0.148281 0.103104 
3 0.890539 0.573583 0.129516 0.100583 
3 0.478172 0.457823 0.157156 0.053021 
3 0.619719 0.634344 0.083250 0.038729 
3 0.491898 0.590115 0.136953 0.070563 
3 0.876859 0.577677 0.096781 0.040771 
3 0.639008 0.517698 0.127453 0.069937 
1 0.341812 0.537979 0.068656 0.039042 
3 0.269258 0.528458 0.121266 0.079583 
3 0.571875 0.490625 0.721875 0.431250 
3 0.571875 0.490625 0.721875 0.431250 
