0 0.471646 0.383086 0.493708 0.635266 
1 0.420844 0.810609 0.196438 0.023250 
1 0.907167 0.592508 0.109583 0.008859 
3 0.155031 0.170703 0.042396 0.082719 
3 0.200406 0.174602 0.040313 0.073078 
3 0.230646 0.179109 0.044375 0.065938 
3 0.157240 0.025570 0.024604 0.051141 
3 0.258417 0.031398 0.030125 0.059828 
3 0.168823 0.169898 0.038896 0.081297 
3 0.187937 0.030195 0.050583 0.060391 
3 0.199906 0.282695 0.048937 0.080484 
3 0.178927 0.170539 0.040688 0.079297 
3 0.221615 0.277555 0.056396 0.086141 
3 0.256208 0.178867 0.048583 0.066203 
0 0.212729 0.595508 0.425458 0.440453 
3 0.335708 0.038914 0.028542 0.058266 
3 0.188833 0.282773 0.039250 0.076984 
3 0.256250 0.209375 0.512500 0.418750 
3 0.256250 0.209375 0.512500 0.418750 
