4 0.912490 0.291231 0.168900 0.206186 
3 0.732710 0.421126 0.006860 0.043213 
3 0.735620 0.333393 0.014720 0.059520 
3 0.762550 0.430075 0.008540 0.041772 
3 0.724440 0.346592 0.006320 0.035646 
3 0.736890 0.339114 0.009820 0.054024 
3 0.694110 0.337342 0.004500 0.045796 
3 0.766540 0.341757 0.006160 0.047357 
3 0.769780 0.343408 0.009400 0.046216 
3 0.685720 0.410676 0.007960 0.038468 
3 0.720270 0.420931 0.009340 0.047447 
3 0.758130 0.428664 0.004820 0.039309 
3 0.784830 0.434354 0.011660 0.046967 
3 0.687820 0.338904 0.007560 0.042853 
3 0.741000 0.364865 0.122000 0.183183 
3 0.741000 0.364865 0.122000 0.183183 
