4 0.307891 0.023917 0.142375 0.044958 
3 0.813039 0.547833 0.021797 0.075292 
3 0.946062 0.605604 0.032594 0.087250 
3 0.923641 0.593219 0.028750 0.082354 
3 0.826336 0.554990 0.024203 0.087104 
3 0.835867 0.463073 0.100578 0.087312 
3 0.842828 0.561562 0.021125 0.075917 
3 0.752852 0.523219 0.031297 0.084729 
3 0.732422 0.431885 0.036312 0.058187 
3 0.797961 0.455833 0.053047 0.073833 
3 0.991797 0.513156 0.016406 0.058187 
3 0.727000 0.512823 0.021344 0.082771 
3 0.934477 0.597448 0.022359 0.077854 
3 0.739898 0.515333 0.020328 0.074167 
3 0.636719 0.572917 0.723437 0.375000 
