0 0.235336 0.511115 0.186766 0.554521 
0 0.641094 0.348542 0.176063 0.325708 
0 0.745727 0.450437 0.257984 0.405542 
0 0.811258 0.605052 0.377484 0.789896 
0 0.331180 0.387635 0.183703 0.379771 
0 0.386922 0.290031 0.047250 0.137729 
0 0.360625 0.335969 0.122031 0.203687 
1 0.355117 0.599885 0.059047 0.027146 
0 0.575648 0.299719 0.075734 0.208354 
0 0.401305 0.254094 0.037047 0.112812 
0 0.798063 0.291281 0.039219 0.130479 
1 0.425523 0.486469 0.037016 0.033229 
0 0.156742 0.637083 0.306734 0.698875 
0 0.632695 0.315271 0.053578 0.192125 
0 0.058883 0.278031 0.115891 0.128938 
