4 0.881579 0.211681 0.236842 0.333746 
0 0.530694 0.621018 0.604163 0.731534 
5 0.456447 0.372404 0.025287 0.055369 
3 0.104115 0.564853 0.051914 0.159794 
3 0.065861 0.421549 0.032584 0.129823 
3 0.057416 0.222625 0.082010 0.148319 
3 0.083349 0.581239 0.042057 0.150619 
3 0.115371 0.558201 0.043278 0.157168 
3 0.130239 0.540339 0.046555 0.136077 
3 0.153110 0.538746 0.046651 0.134956 
3 0.062201 0.594425 0.042775 0.155339 
3 0.033385 0.067021 0.044330 0.130855 
3 0.040550 0.601165 0.051100 0.157552 
3 0.065490 0.331976 0.056722 0.041298 
3 0.064522 0.058835 0.039282 0.117670 
3 0.084964 0.059277 0.024809 0.118496 
3 0.095694 0.348083 0.186603 0.696165 
