4 0.296305 0.373431 0.432359 0.737073 
3 0.650016 0.359450 0.012219 0.081335 
3 0.700930 0.215632 0.003047 0.075433 
3 0.722633 0.352588 0.006922 0.079227 
3 0.702023 0.486112 0.006203 0.079251 
3 0.747922 0.491487 0.008812 0.080539 
3 0.676820 0.348806 0.010703 0.066838 
3 0.694172 0.347155 0.015344 0.070047 
3 0.689273 0.213384 0.013484 0.087143 
3 0.757375 0.283361 0.065969 0.010984 
3 0.761836 0.353173 0.076047 0.098665 
3 0.654813 0.490984 0.013875 0.087400 
3 0.744070 0.205831 0.004766 0.080843 
3 0.661562 0.358103 0.014719 0.083513 
3 0.691406 0.331382 0.229687 0.662763 
