0 0.305102 0.628337 0.172422 0.325855 
0 0.167922 0.659543 0.194906 0.658431 
0 0.258359 0.225925 0.029344 0.051101 
0 0.162438 0.227986 0.044719 0.102951 
1 0.543523 0.443302 0.052141 0.139344 
1 0.593078 0.460398 0.024688 0.162623 
1 0.575594 0.969415 0.069187 0.057190 
1 0.423750 0.879496 0.072125 0.063068 
0 0.577984 0.220913 0.019312 0.014473 
1 0.663664 0.502365 0.117922 0.145855 
1 0.735508 0.514731 0.011641 0.039157 
0 0.626437 0.215176 0.019969 0.020984 
1 0.813172 0.552553 0.094969 0.045902 
1 0.538055 0.867834 0.051859 0.054918 
0 0.809336 0.213759 0.059953 0.110984 
0 0.880141 0.191276 0.080063 0.099789 
0 0.425109 0.549169 0.062375 0.086253 
1 0.864820 0.421136 0.068922 0.032623 
1 0.387555 0.578454 0.039141 0.070164 
1 0.861469 0.441475 0.072563 0.076440 
1 0.569531 0.601874 0.407813 0.393443 
