1 0.359859 0.591475 0.027219 0.060375 
1 0.096531 0.584567 0.036656 0.057986 
0 0.500672 0.380609 0.337344 0.406745 
0 0.251641 0.293431 0.221844 0.493794 
0 0.190711 0.199087 0.069828 0.210304 
0 0.821406 0.181019 0.105094 0.134122 
0 0.645539 0.159145 0.037922 0.067752 
0 0.766078 0.149333 0.038187 0.079742 
0 0.077344 0.277026 0.151938 0.553068 
0 0.393781 0.164052 0.087469 0.147541 
0 0.596141 0.197084 0.158594 0.245176 
1 0.512453 0.507295 0.011187 0.136183 
0 0.505055 0.231311 0.065109 0.234848 
0 0.455156 0.162717 0.047313 0.092178 
0 0.938969 0.205796 0.079625 0.092623 
0 0.907648 0.163326 0.085109 0.137049 
0 0.533594 0.174473 0.929688 0.222482 
0 0.533594 0.174473 0.929688 0.222482 
