0 0.761820 0.631760 0.432440 0.716213 
0 0.251200 0.505547 0.502400 0.962187 
3 0.394950 0.307067 0.007940 0.040320 
3 0.472920 0.222133 0.007080 0.030133 
3 0.586960 0.231320 0.015080 0.067867 
3 0.516660 0.300000 0.006960 0.057920 
3 0.531310 0.297773 0.013820 0.056827 
3 0.468200 0.296307 0.032240 0.013520 
3 0.401230 0.307453 0.007580 0.038747 
3 0.508180 0.169920 0.005960 0.029600 
3 0.476530 0.169373 0.014900 0.029413 
3 0.418170 0.273400 0.006180 0.033680 
3 0.457560 0.169173 0.018360 0.034720 
3 0.395790 0.172253 0.019740 0.041787 
3 0.419010 0.166987 0.006420 0.029813 
3 0.491000 0.238667 0.262000 0.258667 
3 0.491000 0.238667 0.262000 0.258667 
3 0.491000 0.238667 0.262000 0.258667 
