4 0.908914 0.782510 0.176578 0.399104 
0 0.882008 0.619844 0.149672 0.307188 
3 0.197133 0.433083 0.005953 0.050833 
3 0.574609 0.581229 0.047000 0.025292 
3 0.173367 0.350687 0.003234 0.052750 
3 0.216969 0.511792 0.015219 0.051000 
3 0.120664 0.884302 0.117953 0.099437 
3 0.180734 0.349948 0.006094 0.047438 
3 0.181422 0.432906 0.006875 0.049021 
3 0.189109 0.516635 0.006781 0.048771 
3 0.141406 0.350958 0.010156 0.051958 
3 0.145180 0.433000 0.008672 0.048250 
3 0.546102 0.591396 0.053328 0.020125 
3 0.120578 0.521646 0.008250 0.041000 
3 0.128391 0.521604 0.009344 0.042500 
3 0.182031 0.428125 0.195312 0.243750 
