0 0.399438 0.565177 0.242688 0.847187 
0 0.567977 0.584417 0.128078 0.624708 
5 0.496539 0.551510 0.039297 0.032104 
5 0.613414 0.498115 0.023891 0.016313 
5 0.971852 0.730854 0.055734 0.030750 
3 0.703812 0.417365 0.134125 0.063812 
3 0.711531 0.575708 0.140844 0.062583 
3 0.712328 0.501510 0.025844 0.045229 
3 0.694461 0.336885 0.111109 0.061312 
3 0.515875 0.342062 0.081750 0.057917 
3 0.497734 0.416573 0.042625 0.064479 
3 0.484492 0.502125 0.013703 0.040958 
3 0.495547 0.498604 0.034344 0.049500 
3 0.764008 0.500094 0.007172 0.052854 
0 0.082344 0.508458 0.133469 0.199958 
3 0.708844 0.655302 0.133187 0.069313 
