4 0.045188 0.460789 0.090375 0.158891 
5 0.460823 0.676359 0.076521 0.018937 
3 0.169385 0.314016 0.025604 0.079531 
3 0.293896 0.315117 0.021083 0.059297 
3 0.175583 0.420750 0.024083 0.080031 
3 0.293062 0.415188 0.019042 0.065438 
3 0.287667 0.505219 0.011917 0.077063 
3 0.123187 0.520953 0.024875 0.088188 
3 0.154562 0.311883 0.142750 0.096984 
3 0.194406 0.416922 0.034979 0.079781 
3 0.274115 0.412555 0.036437 0.073047 
3 0.300917 0.503000 0.022375 0.072938 
3 0.141135 0.421398 0.028938 0.085078 
3 0.265604 0.509016 0.020708 0.077625 
3 0.290448 0.312219 0.126229 0.082187 
3 0.232292 0.488281 0.268750 0.242188 
3 0.232292 0.488281 0.268750 0.242188 
