4 0.672477 0.250000 0.266297 0.238208 
3 0.954281 0.308635 0.009719 0.064021 
3 0.924977 0.296344 0.019109 0.057979 
3 0.912422 0.432771 0.030469 0.060708 
3 0.654773 0.712354 0.136516 0.071917 
3 0.948211 0.458781 0.025609 0.075312 
3 0.922039 0.363938 0.018547 0.060750 
3 0.927742 0.224115 0.011141 0.061312 
3 0.961398 0.155927 0.019766 0.068312 
3 0.970992 0.156312 0.012828 0.065875 
3 0.914664 0.223417 0.019703 0.056042 
3 0.965891 0.075667 0.028687 0.070167 
3 0.924664 0.154021 0.022266 0.013708 
3 0.957672 0.234521 0.008156 0.069083 
3 0.915984 0.301385 0.013187 0.041188 
3 0.963172 0.313635 0.008625 0.065979 
3 0.952867 0.386135 0.021797 0.071854 
3 0.542969 0.213542 0.823438 0.368750 
