4 0.324742 0.365979 0.649484 0.727833 
0 0.326859 0.590083 0.650344 0.750000 
3 0.924906 0.020229 0.006188 0.025375 
3 0.883055 0.019646 0.012141 0.025250 
3 0.910320 0.086656 0.010672 0.029979 
3 0.905992 0.084292 0.006234 0.022167 
3 0.921875 0.085500 0.024031 0.026250 
3 0.904297 0.022094 0.011125 0.025687 
3 0.919438 0.022104 0.008000 0.023125 
3 0.904375 0.054281 0.008281 0.026812 
3 0.926602 0.056521 0.009609 0.027542 
3 0.893945 0.054750 0.013672 0.028583 
3 0.889781 0.082771 0.028250 0.027833 
3 0.918914 0.056844 0.007391 0.028521 
3 0.884406 0.051573 0.007625 0.029979 
