0 0.499719 0.714240 0.450000 0.552813 
0 0.778773 0.568302 0.279766 0.582021 
3 0.946813 0.850240 0.041813 0.056063 
3 0.928797 0.199094 0.049375 0.022229 
3 0.951898 0.854063 0.062641 0.059125 
3 0.033719 0.140823 0.064594 0.032771 
0 0.596281 0.306896 0.154656 0.367792 
0 0.311047 0.434031 0.232187 0.479396 
0 0.117711 0.284750 0.181609 0.318375 
0 0.753945 0.301281 0.175797 0.240188 
0 0.970273 0.334802 0.059453 0.164479 
0 0.094383 0.791010 0.185391 0.417979 
3 0.917930 0.189260 0.023422 0.008604 
3 0.927672 0.213438 0.052531 0.016042 
3 0.920625 0.222240 0.050125 0.018646 
