4 0.094164 0.357844 0.174891 0.269063 
5 0.755656 0.682792 0.066125 0.034333 
3 0.335297 0.383500 0.052031 0.077792 
3 0.280023 0.559167 0.061953 0.089000 
3 0.341297 0.472333 0.040719 0.068167 
3 0.288250 0.476594 0.046312 0.068312 
3 0.314672 0.394125 0.041813 0.056833 
3 0.308430 0.392771 0.043516 0.062542 
3 0.407187 0.095000 0.018156 0.055333 
3 0.411687 0.099177 0.021937 0.055896 
3 0.419578 0.097635 0.026719 0.060521 
3 0.435180 0.096594 0.027922 0.061271 
3 0.441094 0.097542 0.029031 0.060500 
2 0.581586 0.105052 0.026547 0.045271 
5 0.556336 0.637052 0.053641 0.022812 
2 0.770297 0.504771 0.114312 0.101625 
3 0.489883 0.096750 0.112734 0.063792 
3 0.432813 0.363542 0.371875 0.597917 
