6 0.287454 0.363219 0.016370 0.039531 
1 0.276267 0.597008 0.069886 0.036453 
0 0.771130 0.773086 0.285731 0.281109 
0 0.297374 0.337992 0.200913 0.123422 
0 0.589463 0.619313 0.214269 0.174500 
0 0.683470 0.531500 0.166941 0.220938 
0 0.548938 0.373828 0.095868 0.080031 
0 0.563562 0.451000 0.159132 0.185406 
0 0.435856 0.385406 0.217831 0.131688 
0 0.791347 0.893258 0.249543 0.119109 
0 0.653105 0.719555 0.190594 0.207578 
0 0.093253 0.363648 0.047146 0.063891 
0 0.062386 0.407953 0.039018 0.176594 
