7 0.190109 0.621511 0.380219 0.756979 
7 0.464156 0.678501 0.400312 0.621499 
0 0.465211 0.266066 0.104391 0.190492 
7 0.699047 0.720410 0.140313 0.559180 
7 0.811117 0.720375 0.239891 0.537096 
7 0.919805 0.729215 0.160391 0.519087 
7 0.748984 0.374649 0.145781 0.083770 
7 0.398422 0.365679 0.175750 0.078712 
7 0.337375 0.373876 0.279750 0.136838 
7 0.640563 0.382576 0.113062 0.050679 
7 0.897039 0.440867 0.168797 0.066979 
7 0.515180 0.346499 0.176516 0.085925 
7 0.629266 0.420644 0.180844 0.122834 
