8 0.114289 0.320369 0.225641 0.393262 
1 0.572805 0.592679 0.113828 0.081976 
0 0.036492 0.399286 0.072859 0.206381 
0 0.235008 0.377250 0.138922 0.270262 
0 0.391477 0.363869 0.150328 0.292976 
1 0.266258 0.624571 0.014172 0.039143 
1 0.331195 0.628393 0.021828 0.038595 
1 0.313758 0.628429 0.011891 0.040524 
1 0.276219 0.622821 0.005344 0.048976 
1 0.348609 0.622583 0.012844 0.039119 
1 0.365883 0.503690 0.015922 0.051952 
1 0.283938 0.626583 0.013969 0.033548 
0 0.637711 0.382143 0.141922 0.324952 
0 0.761219 0.389012 0.124531 0.304214 
0 0.909305 0.363071 0.059922 0.178429 
0 0.945211 0.471488 0.109578 0.371595 
0 0.398016 0.344452 0.045812 0.179667 
0 0.932414 0.377560 0.113828 0.330452 
0 0.020094 0.728655 0.039906 0.160357 
1 0.294648 0.618202 0.020703 0.050595 
1 0.256938 0.617964 0.011750 0.044738 
1 0.321656 0.629155 0.008063 0.041405 
1 0.259133 0.622381 0.007922 0.043619 
1 0.575219 0.605595 0.070187 0.053810 
