1 0.305891 0.744671 0.047469 0.026800 
1 0.299477 0.701576 0.024672 0.021929 
0 0.878734 0.405141 0.170844 0.429529 
0 0.797648 0.241059 0.126578 0.264047 
0 0.588117 0.374200 0.156734 0.332682 
0 0.599898 0.114612 0.134297 0.224706 
0 0.291031 0.196976 0.127969 0.393953 
0 0.369648 0.467776 0.138953 0.211929 
0 0.452828 0.709318 0.148000 0.466776 
0 0.899844 0.717976 0.182062 0.325835 
0 0.112875 0.605600 0.102719 0.312565 
0 0.219367 0.748318 0.232797 0.431459 
3 0.733398 0.331035 0.054922 0.088518 
3 0.689977 0.406859 0.097391 0.073624 
3 0.639672 0.357871 0.082812 0.087412 
