7 0.311555 0.616781 0.056953 0.075938 
7 0.249859 0.605083 0.050500 0.063542 
7 0.176328 0.606281 0.060719 0.083146 
7 0.143086 0.570562 0.035328 0.062083 
7 0.134414 0.530885 0.034016 0.050438 
0 0.623102 0.564156 0.037422 0.140854 
7 0.508570 0.613844 0.054141 0.075604 
7 0.121734 0.563354 0.028219 0.059833 
7 0.161227 0.527135 0.023234 0.028563 
7 0.200461 0.578833 0.051547 0.072583 
7 0.258125 0.562250 0.048188 0.032125 
7 0.234820 0.537802 0.038797 0.026604 
7 0.318422 0.544021 0.036000 0.041208 
7 0.351531 0.617490 0.044906 0.066562 
7 0.278125 0.561458 0.546875 0.135417 
7 0.278125 0.561458 0.546875 0.135417 
