4 0.155813 0.451639 0.273188 0.376534 
0 0.651375 0.605527 0.429219 0.683981 
5 0.579242 0.412892 0.068234 0.046300 
3 0.981047 0.293173 0.037906 0.011639 
3 0.976234 0.380363 0.047531 0.018056 
3 0.974531 0.423595 0.050938 0.024707 
3 0.891609 0.941979 0.193188 0.116042 
3 0.841562 0.844953 0.230375 0.097588 
5 0.445922 0.509637 0.030906 0.027237 
5 0.533500 0.546733 0.040906 0.021803 
5 0.653867 0.739590 0.036422 0.104707 
3 0.884242 0.397061 0.062078 0.017166 
3 0.976023 0.412951 0.047953 0.025808 
3 0.881055 0.427974 0.063172 0.017400 
3 0.980656 0.307904 0.038687 0.012155 
3 0.879641 0.437400 0.063156 0.020328 
