4 0.462060 0.396751 0.064400 0.071766 
3 0.766040 0.394192 0.051280 0.130120 
3 0.968260 0.695449 0.060720 0.237365 
3 0.770100 0.550524 0.088400 0.140509 
3 0.612180 0.389626 0.011800 0.065958 
3 0.872990 0.391228 0.059780 0.202335 
3 0.710830 0.630105 0.021500 0.056018 
3 0.069050 0.737081 0.135100 0.233683 
3 0.060550 0.420404 0.121100 0.134222 
3 0.912320 0.652665 0.106440 0.184671 
3 0.908400 0.385808 0.061960 0.207365 
3 0.873000 0.651961 0.067880 0.151287 
3 0.702750 0.527889 0.037740 0.128054 
3 0.933460 0.139461 0.041640 0.166228 
3 0.499000 0.562874 0.998000 0.868263 
3 0.499000 0.562874 0.998000 0.868263 
