7 0.697352 0.705719 0.283484 0.323979 
7 0.915906 0.577625 0.166313 0.203250 
7 0.756250 0.467583 0.180969 0.217833 
7 0.620500 0.438271 0.101437 0.156250 
7 0.279422 0.458188 0.217438 0.204458 
7 0.098906 0.289115 0.135344 0.183354 
7 0.508664 0.295698 0.091297 0.128979 
7 0.052555 0.507344 0.105109 0.183229 
7 0.394852 0.549906 0.219359 0.254437 
7 0.526977 0.574396 0.090828 0.124000 
7 0.756359 0.343052 0.096000 0.106188 
7 0.600836 0.548312 0.112922 0.193250 
7 0.804773 0.177521 0.139891 0.166292 
7 0.355469 0.295833 0.710938 0.295833 
7 0.355469 0.295833 0.710938 0.295833 
