6 0.217227 0.829802 0.081859 0.340396 
6 0.337414 0.827521 0.032016 0.344958 
6 0.564508 0.855740 0.028641 0.287854 
6 0.668359 0.810687 0.115125 0.374375 
6 0.513797 0.825552 0.087969 0.348896 
6 0.287750 0.805583 0.082219 0.388833 
6 0.444625 0.806906 0.097312 0.382562 
6 0.418109 0.813656 0.061250 0.338104 
6 0.760641 0.855385 0.062969 0.289229 
6 0.474703 0.844583 0.048375 0.305875 
6 0.435391 0.633771 0.068187 0.077917 
6 0.187500 0.792979 0.105469 0.390625 
6 0.728906 0.512500 0.476562 0.970833 
