7 0.248660 0.758880 0.266080 0.330453 
0 0.859940 0.605467 0.026080 0.120427 
7 0.647640 0.597093 0.157520 0.244267 
7 0.785360 0.529667 0.121120 0.192987 
7 0.345050 0.679133 0.240540 0.278107 
7 0.397530 0.598320 0.216060 0.230453 
7 0.120980 0.613053 0.241960 0.122267 
7 0.125840 0.829080 0.251680 0.319920 
7 0.086810 0.562267 0.166980 0.057067 
7 0.086200 0.598413 0.104960 0.049467 
7 0.855270 0.481093 0.071020 0.108000 
7 0.277710 0.529533 0.194580 0.080667 
7 0.542550 0.510240 0.034340 0.080053 
7 0.768230 0.404840 0.036980 0.049307 
7 0.404000 0.572000 0.808000 0.440000 
