0 0.187625 0.725812 0.154219 0.548375 
0 0.355328 0.537208 0.159500 0.647708 
0 0.429055 0.414417 0.148641 0.385125 
0 0.703648 0.504500 0.392703 0.964042 
0 0.450766 0.691979 0.170563 0.616042 
5 0.531930 0.562698 0.073453 0.040438 
5 0.356500 0.610417 0.049000 0.080167 
5 0.376820 0.516990 0.059984 0.025438 
3 0.968313 0.784958 0.063375 0.027042 
3 0.918820 0.797094 0.103828 0.062104 
3 0.929344 0.826333 0.132250 0.064625 
5 0.476820 0.637990 0.094203 0.032229 
3 0.880422 0.887323 0.055375 0.075604 
3 0.966578 0.864083 0.054531 0.049333 
3 0.906344 0.848062 0.095469 0.064000 
5 0.447070 0.680135 0.031578 0.039854 
5 0.389234 0.628062 0.026812 0.073917 
5 0.590766 0.558490 0.045781 0.054062 
0 0.560789 0.646917 0.248297 0.704583 
