0 0.398195 0.573203 0.230734 0.828818 
0 0.075414 0.811939 0.150828 0.375177 
3 0.181461 0.490355 0.040828 0.118629 
3 0.142539 0.490213 0.020797 0.110686 
3 0.256078 0.343546 0.029781 0.116359 
3 0.289508 0.224527 0.015359 0.100024 
3 0.115180 0.321312 0.034297 0.134917 
3 0.191336 0.201974 0.023422 0.103097 
3 0.215102 0.484374 0.048359 0.117116 
3 0.223227 0.479870 0.066734 0.120118 
3 0.102938 0.170969 0.008219 0.120095 
3 0.213836 0.201501 0.017609 0.112931 
3 0.275547 0.217470 0.017063 0.097447 
0 0.750250 0.581312 0.461188 0.813262 
3 0.161531 0.177553 0.014844 0.128723 
3 0.289992 0.359173 0.027016 0.088558 
3 0.189062 0.354610 0.318750 0.709220 
3 0.189062 0.354610 0.318750 0.709220 
