7 0.618547 0.662306 0.233937 0.140965 
7 0.853562 0.567493 0.071875 0.229410 
7 0.235750 0.672748 0.241375 0.212466 
7 0.073008 0.549129 0.146016 0.079920 
7 0.086734 0.615845 0.173469 0.096354 
7 0.567609 0.498660 0.080063 0.086273 
7 0.400211 0.679638 0.210453 0.190322 
7 0.699906 0.498003 0.055875 0.079223 
7 0.099734 0.513525 0.154344 0.096434 
7 0.913461 0.608445 0.085859 0.200429 
7 0.791250 0.574477 0.085750 0.172654 
7 0.249781 0.527265 0.154406 0.098713 
7 0.439047 0.539839 0.144656 0.088472 
7 0.350000 0.663539 0.696875 0.597855 
7 0.350000 0.663539 0.696875 0.597855 
