7 0.570750 0.753958 0.281438 0.436815 
7 0.627375 0.602307 0.289563 0.147471 
7 0.602617 0.532248 0.258266 0.101077 
0 0.886070 0.552810 0.227859 0.773021 
0 0.361336 0.516850 0.242891 0.939321 
0 0.647875 0.292471 0.162500 0.465597 
0 0.871602 0.196511 0.102734 0.295082 
0 0.532695 0.122752 0.091672 0.193700 
0 0.925086 0.099204 0.033547 0.115457 
0 0.201656 0.300000 0.160438 0.537096 
0 0.474977 0.104696 0.029859 0.165925 
0 0.289492 0.083595 0.035516 0.147752 
0 0.962117 0.143162 0.075766 0.286323 
0 0.807438 0.155222 0.101844 0.310445 
0 0.441023 0.081546 0.035953 0.092365 
0 0.614375 0.106920 0.046250 0.180726 
0 0.464844 0.427400 0.885938 0.854801 
