3 0.910398 0.173022 0.179203 0.225097 
3 0.731234 0.187437 0.084375 0.125571 
0 0.531945 0.608997 0.398328 0.759554 
0 0.527500 0.458844 0.250812 0.448162 
0 0.832563 0.503370 0.212250 0.972981 
0 0.652266 0.334833 0.063562 0.458189 
0 0.585391 0.277869 0.040906 0.265209 
0 0.117211 0.639164 0.144922 0.348802 
0 0.709711 0.324039 0.041922 0.230084 
0 0.503258 0.383008 0.088984 0.266852 
0 0.516938 0.193078 0.068312 0.155682 
0 0.674797 0.189429 0.022687 0.050279 
0 0.951273 0.494387 0.097453 0.988774 
0 0.559758 0.178607 0.030172 0.139889 
0 0.708594 0.495822 0.485938 0.540390 
0 0.708594 0.495822 0.485938 0.540390 
