4 0.623320 0.426240 0.290000 0.168160 
0 0.321507 0.695790 0.275867 0.608420 
5 0.442987 0.693110 0.061173 0.023780 
3 0.851840 0.245010 0.056107 0.068740 
3 0.785053 0.329030 0.014640 0.070340 
3 0.852800 0.432770 0.017813 0.085980 
3 0.863853 0.523460 0.027333 0.070840 
3 0.858613 0.341270 0.042773 0.074980 
3 0.818520 0.161870 0.015440 0.070340 
3 0.775240 0.328060 0.013093 0.073440 
3 0.756813 0.318010 0.017520 0.055700 
3 0.765520 0.328040 0.014080 0.068880 
3 0.828480 0.432290 0.013120 0.070500 
3 0.795147 0.424990 0.014773 0.057060 
3 0.782520 0.423780 0.016187 0.056040 
5 0.505320 0.536270 0.099813 0.016740 
3 0.878827 0.156460 0.022987 0.071280 
3 0.826667 0.298000 0.341333 0.528000 
3 0.826667 0.298000 0.341333 0.528000 
