7 0.138500 0.682031 0.020031 0.015729 
7 0.023984 0.508469 0.008969 0.016479 
7 0.215094 0.484469 0.015094 0.013729 
7 0.514094 0.418042 0.007094 0.012208 
7 0.180172 0.450469 0.008594 0.010854 
7 0.542484 0.431052 0.005906 0.009354 
7 0.382531 0.357688 0.004188 0.007583 
7 0.413906 0.385375 0.007687 0.005375 
7 0.231305 0.763552 0.010828 0.010604 
7 0.410625 0.691135 0.015250 0.013938 
7 0.526172 0.435917 0.005437 0.007958 
7 0.518531 0.425865 0.004312 0.006771 
7 0.307086 0.428208 0.008484 0.015833 
7 0.334375 0.477083 0.428125 0.216667 
