1 0.708836 0.806681 0.029922 0.102696 
0 0.679195 0.384638 0.507141 0.769275 
0 0.339797 0.388768 0.149000 0.395507 
0 0.165352 0.428101 0.224109 0.528087 
0 0.400359 0.321348 0.086000 0.301130 
0 0.054031 0.376130 0.108062 0.750000 
0 0.466375 0.180899 0.092063 0.343826 
0 0.914289 0.495507 0.171422 0.820232 
0 0.243602 0.124928 0.307047 0.249855 
0 0.532398 0.342014 0.132047 0.271913 
0 0.585703 0.194377 0.185344 0.388754 
1 0.247414 0.909232 0.184016 0.146754 
1 0.761352 0.819319 0.027109 0.111275 
1 0.736047 0.827058 0.031031 0.094870 
1 0.760375 0.750072 0.022531 0.041478 
1 0.766977 0.750667 0.036234 0.078609 
1 0.800031 0.779652 0.015781 0.068754 
1 0.737695 0.737406 0.021922 0.042580 
1 0.758391 0.763261 0.023719 0.022000 
3 0.374148 0.594884 0.152391 0.108145 
1 0.712328 0.738957 0.024156 0.042435 
