7 0.683758 0.759719 0.142672 0.414707 
7 0.483461 0.786803 0.193109 0.396276 
7 0.382539 0.694672 0.145328 0.334215 
7 0.204461 0.827951 0.208047 0.339789 
7 0.073891 0.801066 0.147781 0.363443 
7 0.229078 0.615023 0.131719 0.167377 
7 0.891859 0.774707 0.162812 0.450585 
7 0.308680 0.507974 0.107484 0.083724 
7 0.541672 0.553150 0.089156 0.103443 
7 0.682383 0.474555 0.084453 0.126581 
7 0.783492 0.630878 0.113078 0.346393 
7 0.852195 0.515468 0.117828 0.193513 
7 0.609734 0.649684 0.113906 0.264567 
7 0.415625 0.501171 0.806250 0.468384 
