0 0.341133 0.498302 0.418172 0.839729 
0 0.830898 0.631469 0.333703 0.714604 
5 0.163453 0.259896 0.052625 0.040500 
5 0.907242 0.633917 0.035453 0.035208 
5 0.388703 0.357813 0.025688 0.025583 
3 0.119812 0.715875 0.022219 0.100833 
3 0.113805 0.596115 0.021953 0.108896 
3 0.031172 0.879042 0.062344 0.232958 
3 0.090648 0.493177 0.014328 0.079146 
3 0.096211 0.599031 0.021828 0.107354 
3 0.093633 0.422604 0.076297 0.033208 
3 0.110727 0.492792 0.023078 0.085000 
3 0.137531 0.717865 0.018406 0.091188 
3 0.109172 0.616188 0.009875 0.069458 
3 0.127750 0.487531 0.018000 0.079521 
3 0.103070 0.718646 0.021953 0.102167 
5 0.991695 0.653073 0.016609 0.041854 
