3 0.739836 0.760297 0.100609 0.050969 
3 0.810785 0.792430 0.053091 0.050359 
3 0.291054 0.657461 0.107026 0.066516 
3 0.969871 0.827523 0.060258 0.035266 
3 0.943267 0.827484 0.036089 0.039406 
3 0.926557 0.819594 0.019766 0.025844 
3 0.832681 0.822297 0.071171 0.067562 
3 0.859637 0.830117 0.053279 0.059266 
3 0.800679 0.784734 0.049180 0.048344 
3 0.793267 0.780906 0.066768 0.044562 
3 0.881194 0.375063 0.127635 0.067344 
2 0.577658 0.419687 0.844684 0.663219 
2 0.230539 0.873664 0.459766 0.252672 
