4 0.635477 0.563009 0.154391 0.192155 
3 0.399641 0.708653 0.026937 0.060258 
5 0.379508 0.833735 0.027734 0.047986 
3 0.425133 0.696101 0.015016 0.060867 
3 0.357727 0.586511 0.008734 0.035035 
3 0.427797 0.580632 0.017813 0.045386 
3 0.432172 0.695281 0.015844 0.060867 
3 0.401617 0.644169 0.102828 0.073724 
3 0.621609 0.639368 0.032844 0.030585 
3 0.450180 0.686756 0.011484 0.062506 
3 0.377094 0.594309 0.020688 0.052881 
3 0.402703 0.583946 0.029563 0.045269 
3 0.374352 0.698255 0.024734 0.019930 
3 0.447828 0.576639 0.006219 0.039133 
3 0.413953 0.705984 0.008531 0.041850 
3 0.398438 0.653396 0.115625 0.215457 
3 0.398438 0.653396 0.115625 0.215457 
