0 0.614602 0.547188 0.559547 0.824719 
5 0.376516 0.725484 0.031344 0.036406 
3 0.386500 0.335219 0.069937 0.021063 
5 0.125680 0.509789 0.059359 0.015578 
5 0.066312 0.514500 0.022219 0.020813 
3 0.374148 0.354234 0.076078 0.026719 
3 0.807352 0.251359 0.012422 0.058719 
3 0.785141 0.251063 0.009312 0.056219 
3 0.774328 0.248086 0.018188 0.059734 
3 0.768641 0.245273 0.023000 0.064234 
3 0.868617 0.257477 0.033516 0.056203 
3 0.363953 0.364430 0.089031 0.020078 
3 0.752969 0.245203 0.020063 0.060813 
3 0.378875 0.325094 0.058531 0.008281 
3 0.349430 0.367750 0.040703 0.016781 
