0 0.690859 0.474811 0.085344 0.233783 
7 0.280297 0.563274 0.069500 0.055343 
7 0.203164 0.571111 0.080578 0.064728 
7 0.924594 0.565307 0.085625 0.086879 
7 0.882805 0.561820 0.038641 0.061891 
7 0.040695 0.643168 0.079766 0.095508 
7 0.067102 0.590319 0.016922 0.024752 
7 0.091672 0.587778 0.066094 0.067754 
7 0.148547 0.587896 0.062938 0.058156 
7 0.312641 0.560437 0.057406 0.043853 
7 0.640828 0.576856 0.040094 0.068463 
7 0.207812 0.575626 0.049000 0.058440 
7 0.808195 0.554657 0.072672 0.077116 
7 0.782859 0.586336 0.035594 0.065674 
7 0.417187 0.567376 0.834375 0.070922 
