0 0.769172 0.511236 0.104906 0.595528 
0 0.974508 0.333347 0.046766 0.160417 
0 0.212031 0.286750 0.042375 0.197111 
0 0.136500 0.288750 0.053281 0.198667 
0 0.077203 0.286653 0.040656 0.191028 
0 0.059594 0.220861 0.020219 0.159278 
0 0.279859 0.243014 0.022219 0.120639 
0 0.311203 0.222194 0.022656 0.123556 
0 0.833773 0.316708 0.072672 0.184694 
6 0.836867 0.315958 0.007516 0.077861 
0 0.594211 0.669639 0.077734 0.324056 
0 0.509109 0.723722 0.104250 0.328944 
0 0.937383 0.379889 0.048641 0.260556 
0 0.886828 0.330431 0.036344 0.153972 
6 0.332898 0.225167 0.006047 0.045167 
6 0.395617 0.227917 0.003203 0.046444 
6 0.932680 0.303903 0.005047 0.008083 
0 0.499219 0.497222 0.998437 0.727778 
