2 0.436336 0.653598 0.278891 0.369953 
0 0.874445 0.488563 0.075734 0.135070 
0 0.027797 0.614603 0.052594 0.348318 
0 0.757969 0.575140 0.097625 0.251028 
0 0.144727 0.538832 0.162609 0.237196 
0 0.219906 0.729731 0.189781 0.520257 
0 0.082297 0.452722 0.104000 0.277780 
0 0.278000 0.461063 0.029406 0.073528 
0 0.307109 0.462640 0.040531 0.098551 
0 0.640383 0.475666 0.052578 0.090210 
0 0.019445 0.471869 0.037734 0.061869 
0 0.238781 0.476799 0.051219 0.099159 
0 0.210750 0.396951 0.065156 0.149322 
0 0.516766 0.531671 0.543687 0.898715 
0 0.763281 0.462617 0.314063 0.107477 
0 0.763281 0.462617 0.314063 0.107477 
