4 0.865609 0.230792 0.268781 0.307875 
0 0.188070 0.549000 0.091328 0.211708 
5 0.188922 0.957271 0.078063 0.074417 
3 0.598242 0.537771 0.062109 0.039958 
3 0.575383 0.841073 0.182516 0.068021 
3 0.264992 0.921271 0.132609 0.089750 
3 0.507602 0.897521 0.214516 0.112625 
3 0.600203 0.602833 0.064187 0.041292 
3 0.339836 0.851438 0.151484 0.070125 
3 0.564445 0.472750 0.004672 0.033500 
3 0.403203 0.970010 0.035125 0.024271 
3 0.591187 0.470479 0.006406 0.035583 
3 0.595953 0.469677 0.004219 0.036646 
3 0.601187 0.468917 0.006625 0.036792 
3 0.583602 0.405052 0.003109 0.038396 
3 0.518750 0.687500 0.706250 0.620833 
3 0.518750 0.687500 0.706250 0.620833 
3 0.518750 0.687500 0.706250 0.620833 
