6 0.146550 0.564730 0.009260 0.046156 
0 0.571070 0.715901 0.106580 0.535345 
0 0.455440 0.664159 0.171560 0.405135 
0 0.753080 0.682568 0.076920 0.419309 
0 0.883280 0.561817 0.048840 0.172222 
0 0.136330 0.670240 0.075980 0.404925 
0 0.060690 0.489324 0.022260 0.060691 
0 0.038650 0.549805 0.024580 0.088739 
0 0.969300 0.530886 0.032560 0.171441 
0 0.688450 0.711231 0.077820 0.447207 
0 0.799640 0.642372 0.076160 0.365465 
0 0.949530 0.821261 0.100940 0.356096 
0 0.877630 0.728754 0.108060 0.252402 
0 0.939420 0.517282 0.029320 0.128258 
0 0.511000 0.627628 0.942000 0.450450 
0 0.511000 0.627628 0.942000 0.450450 
