0 0.496344 0.599102 0.414764 0.763516 
3 0.416922 0.200578 0.021863 0.067781 
3 0.666981 0.350445 0.185943 0.137203 
3 0.485837 0.195836 0.034080 0.065328 
3 0.367311 0.157328 0.056509 0.047750 
3 0.341191 0.390523 0.025071 0.077266 
3 0.320377 0.564562 0.039198 0.084312 
3 0.626038 0.592594 0.016792 0.078063 
3 0.315873 0.390789 0.015047 0.073547 
3 0.296757 0.563328 0.040637 0.093969 
4 0.251191 0.360078 0.212193 0.139594 
3 0.664517 0.132312 0.073561 0.008719 
3 0.674328 0.586656 0.014741 0.094125 
3 0.661203 0.135766 0.078113 0.179969 
3 0.333538 0.567828 0.033538 0.081156 
3 0.413915 0.377344 0.535377 0.542188 
3 0.413915 0.377344 0.535377 0.542188 
