6 0.612776 0.699703 0.052988 0.281594 
6 0.624918 0.407125 0.079200 0.293438 
6 0.662600 0.697570 0.071600 0.284141 
6 0.314706 0.121352 0.067671 0.238203 
6 0.952212 0.417141 0.095576 0.290187 
6 0.768459 0.408687 0.082329 0.286562 
6 0.297353 0.693969 0.069388 0.273656 
6 0.695776 0.706180 0.076824 0.283828 
6 0.472259 0.704648 0.078071 0.273891 
6 0.041941 0.691914 0.056494 0.276828 
6 0.109612 0.700922 0.069812 0.289906 
6 0.225965 0.702227 0.086612 0.290859 
6 0.342600 0.694453 0.072447 0.289094 
6 0.498824 0.499219 0.997647 0.998437 
6 0.498824 0.499219 0.997647 0.998437 
