6 0.355420 0.472867 0.014600 0.087867 
6 0.187050 0.512640 0.048660 0.045973 
6 0.623050 0.371467 0.022100 0.017600 
6 0.414630 0.408053 0.012460 0.017013 
6 0.922470 0.540307 0.020020 0.038107 
6 0.825700 0.414213 0.027800 0.020213 
6 0.790360 0.433533 0.023800 0.070533 
6 0.123310 0.620427 0.041140 0.103253 
0 0.111590 0.654533 0.217500 0.539733 
0 0.204670 0.565240 0.175340 0.398107 
0 0.352730 0.465427 0.117060 0.282107 
6 0.279330 0.485027 0.022340 0.021147 
0 0.774130 0.438467 0.099940 0.245467 
0 0.824160 0.444947 0.161800 0.269680 
0 0.877920 0.632387 0.244160 0.492827 
0 0.616990 0.374347 0.087020 0.146400 
0 0.399550 0.423053 0.067700 0.223547 
0 0.282350 0.505907 0.132460 0.326053 
