4 0.622200 0.339280 0.121480 0.130987 
3 0.035390 0.613480 0.067420 0.035973 
3 0.039050 0.732173 0.076580 0.041147 
3 0.046270 0.773907 0.092540 0.060293 
3 0.026240 0.487627 0.018840 0.072373 
3 0.043990 0.488920 0.011180 0.060453 
3 0.034760 0.658680 0.067840 0.033680 
3 0.021470 0.347880 0.042940 0.011920 
3 0.036740 0.489800 0.012760 0.063867 
3 0.034990 0.641667 0.068860 0.037200 
3 0.051990 0.480840 0.015900 0.075013 
3 0.021320 0.356133 0.042640 0.005333 
3 0.016000 0.378480 0.006080 0.021173 
3 0.045210 0.796787 0.071660 0.041893 
3 0.069000 0.517333 0.138000 0.533333 
3 0.069000 0.517333 0.138000 0.533333 
