0 0.486516 0.545938 0.103344 0.223292 
3 0.569023 0.650042 0.105422 0.182250 
3 0.641867 0.704448 0.073609 0.069187 
3 0.649000 0.619344 0.070500 0.105229 
3 0.583797 0.160906 0.062406 0.102521 
3 0.733945 0.158667 0.062328 0.089125 
3 0.625180 0.161094 0.048797 0.094313 
3 0.540164 0.151833 0.042141 0.123583 
2 0.213586 0.576510 0.066516 0.105063 
2 0.103031 0.609000 0.059969 0.097500 
2 0.022859 0.392042 0.045719 0.129083 
2 0.129656 0.852906 0.083406 0.117438 
2 0.210602 0.788885 0.070953 0.129688 
3 0.495422 0.660531 0.057313 0.117896 
2 0.170898 0.429688 0.130859 0.177083 
2 0.202852 0.726208 0.072172 0.089083 
2 0.154852 0.238552 0.142609 0.188438 
2 0.210875 0.068625 0.131187 0.137250 
2 0.078234 0.041438 0.153656 0.082875 
2 0.085656 0.883865 0.117000 0.139354 
2 0.098906 0.743375 0.053719 0.058125 
2 0.056484 0.377469 0.064187 0.080604 
2 0.349219 0.560417 0.695312 0.858333 
2 0.349219 0.560417 0.695312 0.858333 
