2 0.625391 0.593928 0.090844 0.264792 
0 0.523422 0.627582 0.156187 0.371926 
0 0.917852 0.744945 0.163672 0.487659 
0 0.690102 0.427659 0.018203 0.077593 
0 0.184719 0.541214 0.048500 0.253457 
0 0.154438 0.552681 0.057531 0.261028 
0 0.399641 0.471072 0.034063 0.195317 
0 0.424258 0.496543 0.024547 0.164726 
0 0.066047 0.504519 0.056906 0.215821 
0 0.929516 0.425952 0.038656 0.148840 
0 0.522602 0.449519 0.033359 0.107002 
0 0.269594 0.525875 0.073938 0.245667 
0 0.590336 0.452505 0.040016 0.082998 
0 0.805836 0.423895 0.024234 0.118249 
0 0.500000 0.656455 0.996875 0.682713 
