3 0.568789 0.586521 0.311984 0.157320 
3 0.567445 0.480387 0.312984 0.109485 
3 0.549641 0.380322 0.328156 0.130490 
3 0.547664 0.185825 0.321516 0.116856 
3 0.555164 0.092887 0.309266 0.065155 
3 0.351859 0.768879 0.685719 0.391933 
3 0.559250 0.280902 0.331062 0.089897 
3 0.099406 0.501740 0.198813 0.123067 
3 0.082164 0.600064 0.164328 0.082861 
3 0.816422 0.073995 0.196406 0.053557 
0 0.096273 0.288106 0.171891 0.310593 
3 0.794578 0.124394 0.150781 0.045232 
3 0.763484 0.396314 0.045812 0.433557 
