4 0.523445 0.553302 0.173047 0.212600 
3 0.954055 0.703255 0.091891 0.064684 
3 0.452789 0.104485 0.029984 0.150562 
3 0.377508 0.207646 0.014672 0.096370 
3 0.196422 0.195222 0.008000 0.109415 
3 0.314328 0.087412 0.010063 0.107611 
3 0.230187 0.073700 0.012687 0.120562 
3 0.339688 0.088712 0.009656 0.113255 
3 0.427406 0.098267 0.017688 0.104778 
3 0.139547 0.198525 0.014625 0.105199 
3 0.469102 0.214333 0.014203 0.096815 
0 0.034195 0.368571 0.036391 0.102623 
4 0.780695 0.628150 0.168109 0.342857 
4 0.361437 0.556721 0.151688 0.167822 
3 0.368805 0.213489 0.024016 0.094754 
3 0.351148 0.204766 0.009391 0.101710 
3 0.499219 0.399297 0.998437 0.798595 
3 0.499219 0.399297 0.998437 0.798595 
