7 0.551156 0.433525 0.047594 0.049625 
7 0.367859 0.456639 0.039813 0.052295 
7 0.518289 0.400984 0.045859 0.050164 
7 0.676906 0.407295 0.033594 0.049251 
7 0.789734 0.392834 0.039062 0.026604 
7 0.830492 0.384977 0.039766 0.050562 
7 0.091930 0.391850 0.024109 0.049087 
7 0.112406 0.313759 0.041594 0.045129 
7 0.554781 0.444918 0.044594 0.049649 
7 0.500273 0.427799 0.043391 0.049742 
7 0.502586 0.462916 0.034266 0.049953 
7 0.786719 0.434356 0.041500 0.061733 
7 0.416781 0.446862 0.029094 0.057518 
7 0.492188 0.256440 0.962500 0.466042 
7 0.492188 0.256440 0.962500 0.466042 
