4 0.697086 0.211077 0.122734 0.160375 
5 0.441734 0.343466 0.029531 0.023513 
3 0.057680 0.177166 0.021641 0.048056 
3 0.028797 0.101686 0.017531 0.051382 
3 0.118930 0.208911 0.168078 0.086534 
3 0.038602 0.097705 0.014453 0.046979 
3 0.153906 0.154684 0.006688 0.045293 
3 0.126227 0.162190 0.018078 0.049813 
3 0.113211 0.163583 0.014766 0.045574 
3 0.100031 0.166991 0.152781 0.079883 
3 0.050602 0.097213 0.013266 0.050258 
3 0.062047 0.098126 0.011406 0.051288 
3 0.092539 0.040925 0.171984 0.070890 
3 0.186547 0.075831 0.010344 0.045386 
3 0.091273 0.091393 0.010047 0.052342 
3 0.239844 0.214286 0.460938 0.330211 
