6 0.499187 0.811594 0.110438 0.376812 
0 0.528031 0.512333 0.706281 0.948417 
3 0.085109 0.602240 0.018531 0.179771 
3 0.127242 0.819375 0.125484 0.047208 
3 0.048344 0.613479 0.025688 0.184583 
3 0.025820 0.610458 0.022984 0.188833 
3 0.160109 0.604844 0.018719 0.181979 
3 0.101602 0.604333 0.019422 0.184708 
3 0.132156 0.604365 0.037750 0.181979 
3 0.178883 0.602719 0.016203 0.175521 
3 0.059141 0.605438 0.038031 0.190833 
3 0.191133 0.602875 0.017391 0.183917 
3 0.210422 0.601292 0.019750 0.188083 
3 0.251438 0.584365 0.063938 0.146521 
