0 0.759350 0.434240 0.481300 0.814080 
3 0.079800 0.123667 0.032280 0.124240 
3 0.157250 0.065640 0.021140 0.098853 
3 0.106260 0.089520 0.050120 0.113707 
1 0.966760 0.357720 0.036280 0.144453 
3 0.144370 0.052373 0.068020 0.104427 
3 0.061600 0.140200 0.027720 0.117840 
3 0.102810 0.092560 0.045020 0.110507 
3 0.070350 0.133933 0.027180 0.112933 
3 0.052490 0.147613 0.024300 0.127813 
3 0.096790 0.103080 0.031900 0.114107 
3 0.028570 0.156627 0.042340 0.119333 
3 0.117790 0.078720 0.076220 0.126240 
3 0.220970 0.051267 0.112460 0.102533 
