3 0.094047 0.813435 0.027250 0.115140 
8 0.706016 0.403949 0.066031 0.051449 
3 0.413281 0.806694 0.089750 0.116519 
3 0.132164 0.798914 0.018453 0.107407 
3 0.137141 0.789451 0.030812 0.098855 
3 0.156688 0.775853 0.039250 0.105724 
3 0.065109 0.826051 0.044062 0.127243 
3 0.466664 0.886192 0.068828 0.061916 
3 0.752477 0.831414 0.177016 0.118855 
3 0.021344 0.867991 0.016469 0.115935 
3 0.038859 0.840339 0.038500 0.123014 
3 0.084867 0.819030 0.030359 0.117547 
3 0.040898 0.692033 0.081797 0.046121 
3 0.759305 0.871869 0.192766 0.126449 
3 0.438281 0.775701 0.876563 0.443925 
3 0.438281 0.775701 0.876563 0.443925 
