0 0.501159 0.620200 0.961951 0.235320 
0 0.492409 0.868120 0.983598 0.243680 
0 0.489878 0.124710 0.911220 0.231460 
3 0.628994 0.544370 0.031159 0.045140 
3 0.714726 0.792450 0.039573 0.041460 
3 0.652195 0.544540 0.014146 0.045440 
3 0.684909 0.792830 0.027256 0.039180 
3 0.700000 0.293760 0.108415 0.047920 
3 0.718720 0.545120 0.030976 0.038400 
3 0.668750 0.543920 0.026280 0.045440 
3 0.739421 0.545440 0.019573 0.041200 
0 0.498811 0.373550 0.955671 0.238380 
3 0.578506 0.544890 0.084085 0.040060 
