2 0.469594 0.622750 0.435813 0.567583 
0 0.757062 0.706990 0.072250 0.214354 
0 0.791844 0.620740 0.027437 0.062062 
0 0.813750 0.615302 0.023625 0.051021 
0 0.828195 0.712583 0.080828 0.222375 
0 0.860609 0.620490 0.036562 0.087312 
0 0.895609 0.659573 0.050781 0.147271 
0 0.923953 0.620656 0.033937 0.077937 
0 0.960359 0.676865 0.064687 0.173062 
0 0.947141 0.627052 0.014813 0.072313 
0 0.985609 0.605396 0.023250 0.049708 
0 0.162680 0.622240 0.051422 0.074437 
0 0.130031 0.589115 0.024000 0.068896 
0 0.213281 0.581958 0.033531 0.062167 
0 0.489844 0.606250 0.976562 0.304167 
