4 0.492133 0.319104 0.364047 0.323583 
3 0.664719 0.048615 0.013156 0.097229 
3 0.508602 0.057500 0.015484 0.106542 
3 0.564008 0.050500 0.012859 0.101000 
3 0.544531 0.052667 0.017781 0.099417 
3 0.473508 0.051250 0.016797 0.099208 
3 0.400031 0.054448 0.031062 0.107479 
3 0.350016 0.054313 0.029781 0.108167 
3 0.527766 0.054156 0.022375 0.108146 
3 0.462914 0.051906 0.016516 0.103813 
3 0.491797 0.050115 0.018969 0.099812 
3 0.439758 0.055198 0.019578 0.107396 
3 0.701844 0.049573 0.060656 0.099146 
3 0.654297 0.050063 0.016844 0.100125 
3 0.461719 0.062500 0.448437 0.125000 
