4 0.764344 0.178063 0.123438 0.134833 
5 0.660484 0.442615 0.008594 0.011729 
3 0.384961 0.093427 0.011859 0.028687 
3 0.456305 0.138323 0.048016 0.048021 
3 0.399539 0.124937 0.011891 0.028000 
3 0.370219 0.059865 0.010219 0.036188 
3 0.439594 0.065312 0.008531 0.033292 
3 0.434844 0.070333 0.005437 0.029792 
3 0.468438 0.049927 0.007656 0.024729 
3 0.400219 0.044833 0.012812 0.034792 
0 0.668484 0.619823 0.086906 0.366729 
0 0.406250 0.380635 0.106406 0.263521 
0 0.323594 0.596625 0.094375 0.271917 
0 0.220680 0.351219 0.090234 0.194646 
0 0.262187 0.286219 0.073469 0.261063 
0 0.324437 0.393250 0.116281 0.233708 
0 0.182680 0.235333 0.059547 0.126500 
0 0.064344 0.301052 0.061500 0.125896 
0 0.264578 0.529229 0.061469 0.172958 
5 0.408516 0.346177 0.008250 0.007938 
5 0.674711 0.216490 0.012234 0.012563 
3 0.445320 0.062969 0.004734 0.029854 
5 0.671438 0.228771 0.005812 0.016708 
3 0.449883 0.023469 0.004891 0.030646 
3 0.456047 0.057750 0.023656 0.035583 
3 0.387234 0.049990 0.010156 0.025104 
3 0.383313 0.133948 0.030312 0.038896 
0 0.271758 0.711687 0.130516 0.332458 
3 0.418750 0.068750 0.150000 0.137500 
