0 0.833719 0.632586 0.328688 0.734828 
0 0.738594 0.410026 0.282781 0.514142 
0 0.728086 0.267296 0.123609 0.327414 
0 0.213313 0.313839 0.158625 0.419868 
0 0.665820 0.207058 0.050141 0.096702 
6 0.308031 0.623404 0.034906 0.160211 
6 0.837133 0.666372 0.094016 0.258127 
6 0.780586 0.491966 0.063266 0.199604 
1 0.639078 0.672797 0.080156 0.031029 
0 0.491109 0.244947 0.106375 0.260501 
0 0.055906 0.161715 0.111813 0.235989 
6 0.227453 0.242269 0.020375 0.053879 
6 0.050594 0.180963 0.013688 0.054327 
1 0.412227 0.777058 0.083141 0.030844 
1 0.462000 0.576372 0.061219 0.017599 
0 0.431031 0.299235 0.158062 0.420211 
0 0.301461 0.632124 0.271547 0.689103 
