7 0.587828 0.762266 0.070094 0.111963 
7 0.783594 0.748364 0.058906 0.120327 
7 0.442617 0.763598 0.064859 0.112196 
7 0.740711 0.728505 0.038828 0.094486 
7 0.861859 0.750561 0.085656 0.125841 
7 0.328828 0.770105 0.070781 0.116472 
7 0.408055 0.750280 0.075516 0.103084 
7 0.541914 0.709171 0.037422 0.017780 
7 0.248609 0.774603 0.053875 0.119346 
7 0.096203 0.766706 0.070688 0.096449 
7 0.416547 0.709498 0.050781 0.026799 
7 0.285102 0.726016 0.049453 0.030117 
7 0.223062 0.761811 0.047719 0.088902 
7 0.382812 0.733645 0.721875 0.177570 
7 0.382812 0.733645 0.721875 0.177570 
