3 0.169789 0.627448 0.006016 0.052729 
3 0.256164 0.619198 0.005734 0.048146 
3 0.247391 0.564573 0.005687 0.033063 
3 0.241141 0.567677 0.006875 0.035729 
3 0.199875 0.624531 0.006938 0.046896 
3 0.223508 0.567865 0.006734 0.038479 
3 0.241898 0.519250 0.005109 0.045125 
3 0.224250 0.621708 0.004812 0.047625 
3 0.198961 0.522198 0.080703 0.047938 
3 0.242016 0.679740 0.009719 0.041646 
3 0.231523 0.621802 0.010078 0.050979 
3 0.190508 0.572469 0.076641 0.045896 
3 0.206789 0.679469 0.010547 0.047813 
3 0.179688 0.598958 0.312500 0.322917 
3 0.179688 0.598958 0.312500 0.322917 
3 0.179688 0.598958 0.312500 0.322917 
