0 0.533656 0.585464 0.298469 0.802678 
0 0.495930 0.267235 0.166109 0.296242 
0 0.350078 0.372689 0.130688 0.243434 
0 0.199492 0.287527 0.042703 0.082095 
0 0.050773 0.291976 0.064141 0.134276 
0 0.403195 0.283855 0.029578 0.073672 
0 0.030539 0.276242 0.061078 0.074730 
6 0.578086 0.410918 0.032953 0.074492 
6 0.529703 0.280983 0.043031 0.028488 
6 0.297656 0.274438 0.014344 0.005940 
0 0.302680 0.276868 0.072547 0.103801 
0 0.176547 0.361404 0.118781 0.263067 
0 0.071273 0.632905 0.142547 0.564168 
0 0.039563 0.327225 0.079125 0.150907 
