4 0.430750 0.380141 0.046594 0.130704 
5 0.951594 0.686761 0.053219 0.034695 
3 0.764711 0.570000 0.069703 0.042582 
3 0.695789 0.496444 0.103172 0.059977 
3 0.766656 0.589237 0.077125 0.034014 
3 0.758008 0.601596 0.069141 0.046901 
3 0.387937 0.410857 0.052656 0.023592 
3 0.757117 0.613005 0.067203 0.029671 
3 0.385703 0.422113 0.053625 0.021174 
3 0.385492 0.389941 0.059078 0.030587 
3 0.385297 0.303005 0.057313 0.028357 
3 0.386469 0.372019 0.045219 0.020329 
3 0.382719 0.354624 0.057688 0.030423 
