0 0.300797 0.446812 0.178219 0.503433 
0 0.834906 0.301130 0.167969 0.215736 
0 0.682594 0.305618 0.146562 0.179765 
0 0.801359 0.161738 0.050031 0.152004 
0 0.739398 0.172217 0.049641 0.212708 
0 0.656227 0.079339 0.025891 0.048657 
0 0.498203 0.168497 0.049156 0.240192 
0 0.644969 0.146620 0.036094 0.161002 
0 0.811492 0.109478 0.043891 0.083817 
0 0.831117 0.121109 0.046922 0.160810 
0 0.956328 0.287388 0.052687 0.188934 
0 0.895906 0.262537 0.053969 0.202814 
6 0.490289 0.121130 0.008922 0.054797 
0 0.857141 0.215789 0.040594 0.164670 
0 0.542969 0.324094 0.910937 0.648188 
0 0.542969 0.324094 0.910937 0.648188 
