0 0.455273 0.571317 0.171734 0.594895 
0 0.625781 0.310816 0.203813 0.594592 
0 0.796602 0.181655 0.111516 0.361259 
0 0.825320 0.496049 0.349359 0.984219 
3 0.195813 0.303042 0.043094 0.033636 
3 0.216531 0.367622 0.066344 0.055618 
3 0.257602 0.316678 0.030453 0.030559 
3 0.325906 0.237296 0.080375 0.032960 
3 0.332797 0.129720 0.043094 0.023497 
3 0.325555 0.191037 0.065109 0.027389 
3 0.321820 0.206469 0.072047 0.025664 
3 0.193281 0.260303 0.051500 0.041772 
3 0.219133 0.192203 0.055266 0.033357 
3 0.251250 0.290163 0.067750 0.050536 
3 0.213250 0.352599 0.063594 0.055921 
3 0.322992 0.213928 0.084141 0.029254 
3 0.340242 0.273205 0.057734 0.028042 
3 0.591406 0.481352 0.779687 0.580420 
3 0.591406 0.481352 0.779687 0.580420 
