0 0.182023 0.768542 0.364047 0.440458 
0 0.544187 0.530010 0.240500 0.396562 
0 0.855844 0.389781 0.197500 0.266437 
0 0.426406 0.610104 0.407875 0.532583 
0 0.584750 0.416656 0.125625 0.266854 
5 0.408633 0.536240 0.031516 0.028229 
5 0.818633 0.607104 0.063078 0.037167 
4 0.042781 0.305708 0.085562 0.088417 
5 0.599953 0.536531 0.018031 0.016938 
3 0.380195 0.307865 0.024078 0.086771 
3 0.429703 0.219250 0.037906 0.065458 
3 0.375453 0.304948 0.025531 0.085812 
3 0.469578 0.300740 0.005844 0.064271 
3 0.390945 0.230917 0.056984 0.020458 
3 0.433852 0.222021 0.035266 0.069917 
3 0.408688 0.340656 0.023750 0.014896 
3 0.466234 0.301885 0.005906 0.066938 
3 0.449992 0.208792 0.017266 0.087500 
3 0.459352 0.299927 0.007797 0.064271 
3 0.395227 0.313896 0.013891 0.061042 
3 0.213938 0.361448 0.054156 0.027854 
5 0.602984 0.465177 0.026062 0.024229 
5 0.778945 0.640417 0.048016 0.021792 
