0 0.676844 0.545542 0.271563 0.427250 
0 0.691852 0.693260 0.466859 0.591021 
1 0.255164 0.598885 0.032328 0.012521 
0 0.628484 0.334281 0.134500 0.214021 
0 0.371578 0.344990 0.138656 0.303229 
8 0.253711 0.162417 0.117484 0.192125 
0 0.153031 0.638906 0.248875 0.717479 
0 0.456445 0.254521 0.107453 0.279208 
0 0.356563 0.173760 0.067906 0.115771 
0 0.184141 0.246990 0.070906 0.103313 
0 0.245266 0.400729 0.121125 0.299500 
0 0.138484 0.168896 0.075563 0.168667 
0 0.108289 0.265448 0.104672 0.161021 
0 0.313883 0.275313 0.061109 0.160500 
0 0.759742 0.394167 0.159109 0.279000 
0 0.473438 0.233333 0.946875 0.454167 
0 0.473438 0.233333 0.946875 0.454167 
