6 0.289484 0.560911 0.018781 0.096355 
6 0.459789 0.518551 0.012391 0.040047 
0 0.232828 0.732582 0.207187 0.512360 
0 0.291617 0.515864 0.098328 0.202430 
0 0.453813 0.480269 0.074156 0.130023 
0 0.587719 0.519054 0.105094 0.161519 
0 0.726234 0.501916 0.106719 0.210327 
0 0.812203 0.309720 0.035531 0.055467 
0 0.773945 0.735958 0.264484 0.505607 
0 0.450844 0.754369 0.321594 0.458411 
0 0.848336 0.651682 0.151797 0.458411 
0 0.757938 0.271834 0.026312 0.047827 
0 0.659297 0.318388 0.028469 0.056121 
1 0.621352 0.715689 0.006328 0.011425 
