6 0.569133 0.277991 0.012891 0.082309 
0 0.398523 0.500000 0.154453 0.707760 
0 0.465992 0.383199 0.120734 0.492771 
0 0.557383 0.318487 0.093172 0.411339 
0 0.764211 0.510727 0.471578 0.954850 
0 0.142797 0.538938 0.276438 0.898430 
0 0.295500 0.271697 0.035906 0.268938 
1 0.267961 0.945289 0.121266 0.025081 
0 0.255859 0.568048 0.139437 0.859885 
0 0.039570 0.236801 0.054203 0.139515 
0 0.011023 0.269030 0.022047 0.133072 
6 0.172141 0.522252 0.072219 0.372125 
6 0.443687 0.336305 0.020875 0.117829 
0 0.613688 0.393222 0.128500 0.406120 
0 0.020758 0.226293 0.031891 0.072494 
