6 0.378840 0.345340 0.019867 0.060120 
6 0.275267 0.504000 0.023760 0.042120 
0 0.771813 0.562810 0.304800 0.500260 
0 0.340067 0.654680 0.494373 0.667400 
0 0.396147 0.337370 0.113573 0.155540 
0 0.458173 0.376470 0.153520 0.234140 
0 0.930933 0.306310 0.108107 0.083340 
0 0.641533 0.330520 0.075707 0.085840 
0 0.683480 0.273370 0.092507 0.112740 
0 0.210027 0.305950 0.089707 0.169060 
0 0.881933 0.306050 0.048133 0.068540 
0 0.496213 0.283920 0.050827 0.073560 
0 0.796213 0.333820 0.080853 0.098800 
0 0.062987 0.463440 0.125280 0.530120 
0 0.111627 0.366560 0.094240 0.239560 
0 0.290667 0.284000 0.106667 0.088000 
