7 0.850617 0.401229 0.129672 0.240500 
7 0.610281 0.621292 0.234469 0.231250 
7 0.709656 0.471979 0.216312 0.180333 
7 0.528922 0.596135 0.165656 0.209229 
7 0.433250 0.551792 0.151625 0.284417 
7 0.274570 0.764042 0.309391 0.328292 
7 0.520156 0.386021 0.162906 0.268833 
7 0.341133 0.834042 0.282266 0.305375 
7 0.909945 0.272302 0.150078 0.137729 
7 0.843625 0.240833 0.145063 0.123750 
7 0.701414 0.335896 0.077266 0.181125 
7 0.632414 0.438698 0.101203 0.152354 
7 0.088633 0.776625 0.177266 0.228583 
7 0.500000 0.506250 0.996875 0.983333 
