0 0.288898 0.213469 0.060578 0.268313 
0 0.232445 0.175885 0.063641 0.255979 
0 0.971672 0.204073 0.027969 0.118938 
0 0.456516 0.216573 0.054875 0.275896 
0 0.514039 0.210115 0.087641 0.276396 
0 0.585352 0.212167 0.055922 0.269542 
0 0.650281 0.160615 0.093563 0.148688 
6 0.283000 0.141125 0.009594 0.026458 
0 0.847258 0.194510 0.055453 0.164646 
0 0.007445 0.094781 0.014109 0.035396 
0 0.366836 0.133760 0.027234 0.117146 
0 0.362227 0.087073 0.013703 0.030937 
0 0.254289 0.134771 0.032703 0.128542 
0 0.866875 0.182583 0.030437 0.175375 
