0 0.171070 0.369812 0.338766 0.631458 
0 0.769664 0.458427 0.460672 0.907854 
3 0.405516 0.402917 0.015313 0.085083 
3 0.352398 0.289760 0.014266 0.053562 
3 0.303367 0.217979 0.033703 0.071917 
3 0.322180 0.164115 0.165391 0.086396 
3 0.375234 0.298104 0.009531 0.051500 
3 0.327758 0.382271 0.014359 0.110542 
3 0.359352 0.384146 0.076016 0.116708 
3 0.427609 0.023375 0.005906 0.046625 
3 0.294000 0.282208 0.117219 0.062833 
3 0.367805 0.233208 0.010422 0.049125 
3 0.432742 0.492760 0.004547 0.032271 
3 0.326203 0.217760 0.011625 0.062896 
3 0.323516 0.102594 0.176812 0.098437 
3 0.392188 0.325000 0.381250 0.650000 
3 0.392188 0.325000 0.381250 0.650000 
3 0.392188 0.325000 0.381250 0.650000 
