6 0.582120 0.454731 0.004680 0.025284 
6 0.532020 0.468463 0.004960 0.057284 
0 0.587360 0.504224 0.052600 0.200149 
0 0.683660 0.487925 0.027720 0.117821 
0 0.117840 0.450776 0.027680 0.192955 
0 0.800020 0.576403 0.089400 0.400328 
0 0.940390 0.580522 0.119220 0.339313 
0 0.439920 0.542731 0.091440 0.315433 
0 0.256230 0.493284 0.044500 0.206925 
0 0.223880 0.464537 0.039320 0.149910 
0 0.532510 0.503896 0.043380 0.198418 
0 0.560140 0.497552 0.020680 0.155761 
0 0.850340 0.485537 0.051760 0.151612 
0 0.059520 0.557403 0.068920 0.324776 
0 0.361970 0.606493 0.097460 0.459731 
0 0.437000 0.558209 0.722000 0.376119 
