0 0.505242 0.565293 0.523891 0.856815 
5 0.337609 0.309871 0.116813 0.088033 
3 0.237766 0.910796 0.041219 0.166932 
3 0.301148 0.919906 0.031672 0.160187 
3 0.279500 0.904286 0.057094 0.162155 
3 0.254063 0.913782 0.022000 0.164941 
3 0.211648 0.908571 0.024797 0.166276 
3 0.052477 0.899028 0.032984 0.166300 
3 0.129922 0.895937 0.041750 0.176604 
3 0.200937 0.908173 0.021094 0.170351 
3 0.067273 0.902787 0.027547 0.162201 
3 0.358469 0.914707 0.029250 0.148525 
3 0.173117 0.903888 0.042078 0.165199 
3 0.322922 0.918841 0.021937 0.162319 
3 0.376711 0.883384 0.026234 0.079227 
3 0.214844 0.906323 0.301563 0.182670 
