6 0.518977 0.560587 0.006641 0.074693 
6 0.436047 0.583673 0.014344 0.122486 
6 0.348852 0.553156 0.014672 0.060503 
6 0.190586 0.555475 0.011203 0.071117 
6 0.111125 0.541327 0.009531 0.053380 
6 0.333227 0.428715 0.008016 0.048268 
6 0.601297 0.551662 0.006250 0.069358 
6 0.938688 0.443170 0.008937 0.032318 
6 0.082141 0.411606 0.008313 0.036955 
6 0.510805 0.425475 0.012234 0.031564 
6 0.274594 0.559134 0.010969 0.068101 
6 0.241766 0.430628 0.012250 0.064050 
6 0.294688 0.404693 0.007562 0.013352 
6 0.450492 0.417179 0.006859 0.033631 
6 0.762320 0.576047 0.016391 0.139022 
0 0.601375 0.635726 0.091094 0.404469 
0 0.518797 0.638212 0.082000 0.402514 
0 0.104508 0.642737 0.100922 0.444860 
0 0.192844 0.639791 0.091219 0.412151 
0 0.351109 0.639818 0.078969 0.400978 
0 0.166773 0.433338 0.076391 0.187346 
0 0.683992 0.643883 0.071203 0.393128 
0 0.759398 0.622668 0.094234 0.414162 
0 0.436602 0.632332 0.078234 0.401034 
0 0.270469 0.642947 0.088188 0.395279 
0 0.851008 0.634832 0.098047 0.420223 
0 0.922656 0.635964 0.093031 0.395503 
6 0.546875 0.523743 0.768750 0.237430 
