3 0.110547 0.343083 0.008469 0.058042 
3 0.386766 0.275844 0.009000 0.049479 
3 0.303758 0.396115 0.005828 0.041771 
3 0.074656 0.339385 0.008625 0.046146 
3 0.080437 0.276417 0.014313 0.055750 
3 0.164961 0.337552 0.007797 0.051354 
3 0.158070 0.401510 0.008234 0.051896 
3 0.367664 0.338698 0.007359 0.052604 
3 0.228641 0.400531 0.011969 0.040438 
3 0.151641 0.402062 0.009000 0.049375 
3 0.048789 0.278646 0.010203 0.052417 
3 0.054367 0.279927 0.007703 0.050562 
0 0.133070 0.126333 0.083453 0.150917 
0 0.409891 0.148010 0.037562 0.116854 
3 0.065289 0.272969 0.012984 0.060896 
3 0.266406 0.402083 0.479687 0.329167 
