0 0.459945 0.533970 0.919828 0.914684 
0 0.372727 0.451276 0.145422 0.599602 
0 0.570063 0.476007 0.238156 0.643162 
0 0.798375 0.500000 0.244375 0.608993 
0 0.118875 0.181897 0.068469 0.208806 
0 0.955227 0.642026 0.089547 0.155527 
6 0.366687 0.354906 0.055063 0.178618 
4 0.477867 0.266288 0.097703 0.137260 
4 0.909938 0.215246 0.060094 0.094473 
4 0.781109 0.204251 0.053250 0.052951 
4 0.845070 0.233595 0.075547 0.109813 
4 0.961211 0.213958 0.038922 0.080984 
4 0.436023 0.194895 0.039172 0.030445 
4 0.414188 0.238536 0.031344 0.056464 
0 0.065445 0.359941 0.090891 0.272482 
