7 0.371008 0.763896 0.114328 0.115958 
7 0.470977 0.571292 0.088578 0.106208 
7 0.622891 0.601219 0.054594 0.044229 
7 0.614320 0.474427 0.029953 0.046146 
7 0.252031 0.524687 0.039906 0.075083 
7 0.186312 0.478885 0.032719 0.042229 
7 0.428070 0.480927 0.017516 0.017604 
7 0.458711 0.529729 0.069422 0.069417 
7 0.499430 0.604156 0.049547 0.050562 
7 0.512773 0.558010 0.022078 0.043188 
7 0.282961 0.516292 0.023859 0.015125 
7 0.513672 0.863281 0.109375 0.132812 
7 0.333594 0.475000 0.179688 0.037500 
