3 0.580750 0.146370 0.013344 0.118735 
3 0.609484 0.306885 0.023094 0.115410 
3 0.575742 0.135831 0.040391 0.130070 
3 0.578258 0.310468 0.020141 0.130492 
3 0.562625 0.144532 0.033250 0.148595 
3 0.597023 0.310585 0.017016 0.105480 
3 0.521430 0.140609 0.078734 0.164356 
3 0.637805 0.266569 0.039078 0.153185 
3 0.614211 0.301838 0.028891 0.120867 
3 0.615555 0.101487 0.065016 0.152155 
3 0.637547 0.093958 0.045437 0.154005 
3 0.600430 0.128478 0.022891 0.120094 
3 0.586891 0.131522 0.038500 0.128759 
