8 0.871102 0.851379 0.059484 0.194206 
8 0.367492 0.902862 0.059984 0.152313 
8 0.681523 0.873972 0.037578 0.121729 
8 0.750789 0.846647 0.045797 0.192687 
8 0.294453 0.863610 0.068250 0.209416 
8 0.975578 0.839241 0.048844 0.145210 
8 0.413188 0.885619 0.034281 0.117360 
8 0.231367 0.880257 0.070078 0.171916 
8 0.820789 0.855502 0.048859 0.170023 
8 0.918039 0.855643 0.049453 0.171799 
8 0.353984 0.869942 0.055719 0.192453 
8 0.080531 0.807255 0.054062 0.046752 
8 0.037984 0.809334 0.051438 0.059509 
8 0.499219 0.500000 0.998437 0.995327 
8 0.499219 0.500000 0.998437 0.995327 
