6 0.666445 0.907869 0.166422 0.184262 
6 0.498438 0.880281 0.158875 0.206511 
6 0.490500 0.802646 0.173063 0.165948 
6 0.946273 0.543232 0.048141 0.155222 
6 0.906820 0.537881 0.036359 0.139883 
6 0.825445 0.529660 0.033859 0.139415 
6 0.790688 0.525867 0.030094 0.125035 
6 0.737531 0.934567 0.104813 0.130867 
0 0.331305 0.529684 0.522484 0.904098 
0 0.859078 0.728232 0.281844 0.508689 
0 0.044664 0.531546 0.054734 0.207728 
0 0.038031 0.829321 0.076063 0.341358 
0 0.120086 0.449005 0.045703 0.061382 
6 0.600258 0.301803 0.030672 0.244543 
0 0.981102 0.183009 0.036609 0.290749 
6 0.682937 0.339016 0.028344 0.161030 
6 0.554203 0.322307 0.034344 0.215574 
6 0.571867 0.320386 0.022453 0.192201 
6 0.710156 0.498829 0.576562 0.997658 
6 0.710156 0.498829 0.576562 0.997658 
