4 0.806461 0.171917 0.210672 0.262917 
3 0.181516 0.073927 0.363031 0.147854 
3 0.270953 0.638927 0.040656 0.136063 
3 0.575227 0.146167 0.015141 0.153792 
3 0.639969 0.387260 0.015500 0.120438 
3 0.309273 0.789687 0.061422 0.094292 
3 0.173609 0.709187 0.058688 0.082792 
3 0.199719 0.672667 0.072469 0.096625 
3 0.321531 0.603385 0.040719 0.161896 
3 0.363203 0.583146 0.035406 0.146083 
3 0.385930 0.569250 0.021297 0.154875 
3 0.364570 0.716823 0.038578 0.054938 
3 0.335586 0.763812 0.053297 0.087917 
3 0.293844 0.798802 0.069625 0.093562 
3 0.232398 0.648531 0.071172 0.140854 
4 0.812711 0.484187 0.156766 0.150875 
3 0.528906 0.468750 0.939063 0.937500 
3 0.528906 0.468750 0.939063 0.937500 
