0 0.495102 0.555059 0.215391 0.656174 
0 0.688063 0.556174 0.182500 0.865164 
0 0.422031 0.546362 0.133125 0.469671 
5 0.596508 0.478380 0.074984 0.071221 
3 0.308828 0.784789 0.050438 0.046150 
3 0.854727 0.136678 0.010266 0.029131 
3 0.848836 0.214249 0.010516 0.036009 
3 0.834352 0.061444 0.009078 0.034437 
3 0.887500 0.050669 0.021000 0.027019 
5 0.438813 0.342207 0.031625 0.043944 
5 0.403422 0.459296 0.052719 0.087136 
5 0.625820 0.160763 0.027234 0.053638 
3 0.818977 0.145704 0.005391 0.030282 
3 0.789555 0.338662 0.022859 0.065493 
