7 0.508102 0.497781 0.081672 0.169187 
7 0.733266 0.495437 0.160594 0.181500 
7 0.323742 0.499365 0.092484 0.166521 
7 0.211953 0.495833 0.151500 0.162417 
0 0.165266 0.856021 0.223156 0.266208 
0 0.298195 0.738729 0.076141 0.216500 
0 0.326969 0.852802 0.117969 0.253937 
0 0.421523 0.815521 0.159922 0.286500 
0 0.502805 0.849167 0.163484 0.299417 
0 0.587477 0.836302 0.166047 0.327271 
0 0.545352 0.658927 0.085234 0.099937 
0 0.859133 0.963427 0.097859 0.073146 
0 0.365922 0.647250 0.055656 0.151000 
0 0.332859 0.676063 0.050344 0.124542 
0 0.498352 0.651740 0.045109 0.090979 
0 0.717953 0.957052 0.078563 0.085896 
0 0.243516 0.838719 0.072688 0.322563 
0 0.499219 0.768750 0.998437 0.458333 
0 0.499219 0.768750 0.998437 0.458333 
0 0.499219 0.768750 0.998437 0.458333 
