0 0.074891 0.332201 0.037812 0.215410 
0 0.381070 0.339426 0.039141 0.067845 
0 0.228102 0.350035 0.032078 0.165035 
7 0.102375 0.593946 0.118594 0.115199 
7 0.219648 0.479778 0.094453 0.065176 
7 0.401695 0.443583 0.054016 0.063372 
7 0.365891 0.396311 0.040469 0.039883 
7 0.236578 0.496534 0.076781 0.058689 
7 0.359961 0.503548 0.061391 0.057822 
7 0.485914 0.462377 0.027703 0.028595 
7 0.453477 0.463653 0.029641 0.030773 
7 0.494992 0.389836 0.023141 0.036206 
7 0.022820 0.556885 0.045641 0.124356 
7 0.272797 0.685082 0.143594 0.105714 
7 0.067445 0.626499 0.134891 0.050562 
7 0.439609 0.429508 0.037469 0.041593 
7 0.388281 0.593677 0.723437 0.484778 
7 0.388281 0.593677 0.723437 0.484778 
