7 0.915070 0.882723 0.082047 0.107840 
7 0.834891 0.868815 0.060219 0.084812 
7 0.747766 0.775282 0.032813 0.040986 
7 0.308570 0.725434 0.009734 0.012981 
7 0.812266 0.772723 0.008563 0.010892 
7 0.879148 0.878803 0.036297 0.061596 
7 0.904461 0.792700 0.042828 0.051127 
7 0.632156 0.771808 0.010969 0.021174 
7 0.466680 0.734871 0.011578 0.015188 
7 0.415992 0.729941 0.013859 0.010869 
7 0.133352 0.714918 0.014266 0.016502 
7 0.052289 0.700176 0.009172 0.011620 
7 0.561508 0.727770 0.011141 0.011362 
7 0.486719 0.762911 0.964063 0.342723 
