6 0.243273 0.598326 0.027172 0.095527 
6 0.387539 0.579801 0.018547 0.128267 
6 0.583133 0.526557 0.015547 0.079766 
6 0.049047 0.677494 0.032156 0.147119 
6 0.701070 0.481452 0.024578 0.056066 
6 0.560977 0.369602 0.010172 0.052553 
6 0.339172 0.418396 0.016875 0.065691 
6 0.333266 0.415972 0.019781 0.059485 
0 0.821602 0.766288 0.356797 0.440445 
0 0.240641 0.858431 0.331344 0.283138 
0 0.953625 0.405445 0.042812 0.078946 
0 0.579477 0.491007 0.106453 0.168525 
0 0.785156 0.442775 0.060125 0.108454 
0 0.738133 0.465749 0.056828 0.116792 
0 0.234641 0.575281 0.157438 0.269672 
0 0.081711 0.611991 0.163422 0.276393 
0 0.335375 0.465773 0.127719 0.363724 
0 0.373461 0.539766 0.116859 0.251522 
6 0.637297 0.514215 0.017219 0.072506 
6 0.860453 0.454040 0.004938 0.030422 
6 0.811836 0.366358 0.007078 0.029719 
0 0.695273 0.460937 0.093984 0.161593 
0 0.948063 0.707412 0.100500 0.293841 
0 0.166969 0.426979 0.026937 0.034941 
6 0.794211 0.463080 0.003484 0.014918 
1 0.221133 0.705937 0.013016 0.020632 
0 0.530469 0.462529 0.935937 0.358314 
0 0.530469 0.462529 0.935937 0.358314 
6 0.935156 0.597190 0.126562 0.398126 
