3 0.703516 0.533320 0.185117 0.087422 
2 0.858551 0.285406 0.149720 0.104062 
2 0.875350 0.170789 0.191542 0.112359 
2 0.599813 0.147187 0.178084 0.123594 
2 0.851110 0.637570 0.151005 0.100984 
2 0.614871 0.648906 0.157173 0.112625 
2 0.598107 0.269516 0.172710 0.131812 
2 0.143189 0.800523 0.233061 0.155297 
2 0.267558 0.759750 0.170023 0.121313 
2 0.365701 0.730742 0.161402 0.104078 
2 0.848657 0.401141 0.167921 0.109219 
2 0.295280 0.592039 0.116262 0.123453 
2 0.855678 0.518094 0.164112 0.102813 
2 0.620222 0.397727 0.163341 0.116516 
2 0.462617 0.456250 0.925234 0.731250 
2 0.462617 0.456250 0.925234 0.731250 
