4 0.780031 0.394865 0.316875 0.483604 
0 0.358516 0.559833 0.216312 0.538125 
0 0.188812 0.500229 0.237125 0.395792 
0 0.028977 0.678083 0.057016 0.077792 
5 0.199430 0.736313 0.086828 0.044625 
5 0.194289 0.724021 0.098672 0.037042 
5 0.744500 0.641688 0.057594 0.054208 
3 0.530531 0.455417 0.065438 0.042667 
3 0.930109 0.636427 0.076063 0.041438 
3 0.922352 0.655833 0.080359 0.035125 
5 0.215562 0.758240 0.075281 0.058604 
5 0.276148 0.710146 0.039109 0.050792 
5 0.804484 0.673167 0.080969 0.054500 
5 0.342352 0.671573 0.059203 0.052312 
3 0.900391 0.669906 0.057219 0.037062 
