0 0.226508 0.447646 0.265109 0.644292 
0 0.342695 0.329427 0.185922 0.399896 
0 0.753367 0.644938 0.266297 0.561792 
3 0.914055 0.303260 0.004359 0.034854 
3 0.902164 0.053885 0.009109 0.057979 
3 0.942492 0.057313 0.114953 0.068792 
3 0.922375 0.442625 0.011562 0.032958 
3 0.964617 0.207344 0.007047 0.054854 
3 0.919672 0.202542 0.013219 0.054417 
3 0.949133 0.397875 0.006422 0.032125 
3 0.895469 0.346479 0.007625 0.033917 
3 0.904945 0.255281 0.007984 0.033688 
3 0.967672 0.263490 0.006250 0.034188 
