0 0.349266 0.294555 0.370156 0.577166 
3 0.093195 0.200246 0.018234 0.130047 
1 0.401531 0.568642 0.025812 0.091194 
1 0.403883 0.667237 0.015547 0.114473 
3 0.123875 0.395703 0.019531 0.087237 
3 0.152664 0.242412 0.069891 0.074660 
3 0.106453 0.197763 0.015000 0.152810 
3 0.088906 0.034836 0.033656 0.069672 
3 0.560891 0.342904 0.069750 0.045808 
3 0.048000 0.177365 0.020031 0.073185 
3 0.126758 0.382740 0.036547 0.093911 
3 0.079625 0.184251 0.019281 0.097541 
1 0.373852 0.538923 0.029016 0.065621 
1 0.429617 0.684239 0.042234 0.262295 
1 0.420375 0.577272 0.012469 0.050234 
1 0.376953 0.708806 0.020000 0.209087 
1 0.363859 0.700211 0.020313 0.231850 
