4 0.287984 0.246315 0.108813 0.109484 
0 0.380836 0.403099 0.103609 0.227230 
0 0.556672 0.471221 0.179094 0.369953 
0 0.727672 0.537207 0.255125 0.534836 
0 0.915734 0.607277 0.168531 0.600704 
0 0.313828 0.387535 0.059688 0.125305 
0 0.213898 0.685387 0.427797 0.611244 
0 0.110602 0.388768 0.210266 0.326408 
0 0.831656 0.378650 0.119656 0.159554 
0 0.597531 0.296995 0.044281 0.164319 
0 0.453273 0.458697 0.118984 0.247160 
0 0.813742 0.276127 0.093422 0.188638 
0 0.089219 0.577969 0.178437 0.481573 
0 0.435234 0.333275 0.027094 0.044531 
1 0.756633 0.845235 0.059047 0.047371 
