3 0.654297 0.670604 0.063531 0.046458 
3 0.611492 0.608615 0.066141 0.024646 
3 0.603578 0.594917 0.038875 0.027333 
3 0.605633 0.584812 0.034891 0.024458 
3 0.826148 0.881177 0.143516 0.124354 
3 0.826172 0.904302 0.134563 0.075521 
3 0.776453 0.906156 0.042938 0.075063 
3 0.365383 0.659708 0.071109 0.027083 
3 0.602719 0.600240 0.048812 0.027938 
3 0.572984 0.638437 0.005219 0.048417 
3 0.586672 0.656104 0.008812 0.039083 
3 0.578563 0.647219 0.004063 0.045104 
3 0.596266 0.676521 0.005469 0.038250 
3 0.582813 0.657292 0.034375 0.060417 
