0 0.616523 0.486625 0.263422 0.719542 
0 0.363312 0.636948 0.244062 0.445312 
5 0.263320 0.553042 0.069922 0.055792 
5 0.571438 0.542104 0.028344 0.086750 
3 0.657742 0.123833 0.008109 0.028583 
3 0.656742 0.156938 0.012078 0.024625 
3 0.501570 0.116187 0.013734 0.026375 
3 0.522844 0.115573 0.004344 0.026104 
0 0.686000 0.249437 0.056313 0.111625 
3 0.740195 0.221781 0.006047 0.031688 
3 0.518414 0.154625 0.003922 0.025583 
3 0.528633 0.117125 0.012047 0.029333 
3 0.602094 0.120365 0.002656 0.024771 
3 0.638852 0.122083 0.005609 0.027208 
3 0.646406 0.156208 0.009500 0.027458 
3 0.540719 0.118010 0.004844 0.025813 
3 0.562023 0.118104 0.004391 0.026042 
4 0.900359 0.210302 0.156469 0.286604 
3 0.622117 0.121104 0.013828 0.029000 
3 0.408594 0.219792 0.698438 0.264583 
