7 0.784234 0.743656 0.111844 0.333349 
7 0.888539 0.741427 0.108047 0.341203 
0 0.639836 0.343408 0.059297 0.081958 
7 0.972680 0.814611 0.054641 0.298892 
7 0.261414 0.816344 0.149641 0.360708 
7 0.369633 0.816604 0.115234 0.321368 
7 0.405328 0.762948 0.147594 0.314292 
7 0.444180 0.711781 0.093109 0.272193 
7 0.537953 0.603679 0.082312 0.188019 
7 0.107813 0.793420 0.176094 0.363019 
7 0.071414 0.840259 0.125609 0.319481 
7 0.579039 0.474469 0.060078 0.041816 
7 0.722008 0.554540 0.066703 0.170071 
7 0.858898 0.578290 0.057047 0.060448 
7 0.500000 0.584906 0.996875 0.452830 
7 0.500000 0.584906 0.996875 0.452830 
