4 0.673453 0.574120 0.122156 0.155282 
3 0.309305 0.555587 0.004484 0.036244 
3 0.320750 0.588732 0.034750 0.007136 
3 0.321141 0.636138 0.005844 0.010869 
5 0.298828 0.903427 0.063406 0.027324 
5 0.265797 0.933462 0.051438 0.022887 
3 0.265547 0.605317 0.004437 0.039977 
3 0.358914 0.557523 0.005922 0.041573 
3 0.350055 0.510646 0.030797 0.045798 
3 0.321820 0.596925 0.034984 0.010047 
3 0.360297 0.615000 0.004312 0.031925 
3 0.330180 0.516127 0.005922 0.031127 
3 0.331750 0.557347 0.006469 0.041127 
3 0.348391 0.614965 0.004031 0.028897 
