4 0.902188 0.541708 0.149656 0.224208 
3 0.486094 0.585844 0.051719 0.024687 
3 0.280477 0.266479 0.003422 0.032792 
3 0.330742 0.260240 0.024266 0.053271 
3 0.297016 0.260615 0.036719 0.044146 
3 0.357898 0.254417 0.020172 0.034042 
3 0.395516 0.249125 0.005281 0.045583 
3 0.372961 0.256854 0.021828 0.033417 
3 0.387461 0.251479 0.013672 0.041458 
3 0.378742 0.254948 0.016359 0.036312 
3 0.350187 0.257083 0.010406 0.035625 
3 0.321898 0.253000 0.014422 0.052917 
5 0.461961 0.602375 0.023672 0.010458 
3 0.343047 0.257521 0.007719 0.032792 
3 0.355992 0.367135 0.015297 0.055354 
3 0.422656 0.469792 0.204687 0.289583 
