4 0.267836 0.611339 0.287359 0.274226 
0 0.737422 0.286559 0.350844 0.483048 
3 0.472992 0.778580 0.066547 0.020439 
3 0.556359 0.800462 0.066250 0.010624 
3 0.546555 0.709550 0.038859 0.016790 
3 0.472195 0.741224 0.075109 0.074273 
3 0.557828 0.896882 0.064187 0.011871 
3 0.472398 0.924018 0.066547 0.028222 
3 0.558688 0.813499 0.065125 0.014619 
3 0.543805 0.747206 0.047453 0.020370 
3 0.470891 0.789411 0.070938 0.025982 
3 0.471438 0.853118 0.061906 0.012933 
3 0.473531 0.804769 0.070719 0.021963 
3 0.546594 0.765416 0.048313 0.014573 
3 0.557000 0.914677 0.061844 0.021824 
3 0.517969 0.797921 0.164062 0.279446 
