4 0.363913 0.384534 0.232990 0.191748 
3 0.585907 0.732794 0.076748 0.039837 
3 0.589387 0.629216 0.127467 0.045523 
3 0.479069 0.596307 0.005229 0.034020 
3 0.299052 0.614649 0.009085 0.035931 
3 0.079469 0.524224 0.007533 0.051552 
3 0.053333 0.609542 0.026634 0.069346 
3 0.934248 0.601863 0.066176 0.020948 
3 0.583252 0.750498 0.076503 0.047533 
3 0.543072 0.700997 0.072680 0.038791 
3 0.069542 0.525858 0.008529 0.052631 
3 0.935572 0.594575 0.062712 0.026013 
3 0.629314 0.727990 0.047974 0.022059 
3 0.071152 0.608962 0.012108 0.063513 
