7 0.878180 0.624730 0.087359 0.083075 
7 0.817375 0.719437 0.068781 0.161925 
7 0.379352 0.781009 0.135953 0.202113 
7 0.231914 0.774354 0.135859 0.161056 
7 0.149172 0.824014 0.118375 0.230000 
7 0.046648 0.848662 0.093297 0.220282 
7 0.269875 0.661420 0.105937 0.110493 
7 0.491766 0.539343 0.038937 0.036854 
7 0.745852 0.679789 0.114641 0.147089 
7 0.717070 0.647805 0.074297 0.098568 
7 0.636570 0.594554 0.040266 0.050141 
7 0.560805 0.710904 0.110234 0.136878 
7 0.603008 0.569390 0.049484 0.061502 
7 0.505469 0.436620 0.754687 0.821596 
7 0.505469 0.436620 0.754687 0.821596 
