0 0.865711 0.724104 0.268578 0.531542 
0 0.482273 0.370094 0.184172 0.298771 
0 0.342125 0.236479 0.258281 0.443333 
0 0.324781 0.480625 0.187500 0.390625 
0 0.164602 0.547594 0.326453 0.364854 
1 0.677805 0.918031 0.082484 0.106562 
1 0.380375 0.884969 0.184531 0.160229 
3 0.635570 0.037510 0.056641 0.020979 
3 0.731688 0.383583 0.009406 0.056417 
3 0.634977 0.079490 0.011984 0.070062 
3 0.713703 0.172292 0.018625 0.081167 
3 0.797758 0.289854 0.018109 0.069000 
3 0.634422 0.361458 0.006125 0.052625 
3 0.652047 0.085833 0.007656 0.056208 
3 0.632180 0.348979 0.052359 0.095667 
3 0.588469 0.074813 0.016594 0.074417 
3 0.734055 0.006583 0.006172 0.012708 
3 0.818391 0.007000 0.009469 0.013208 
3 0.809609 0.294865 0.012313 0.065646 
3 0.708602 0.372448 0.069922 0.091063 
3 0.631570 0.437219 0.045984 0.072271 
3 0.569570 0.340063 0.031891 0.080792 
1 0.386563 0.672823 0.041094 0.019104 
1 0.366891 0.964771 0.067000 0.070458 
3 0.792383 0.397635 0.023484 0.066521 
0 0.154406 0.872615 0.049656 0.098354 
0 0.988352 0.418458 0.020203 0.082958 
1 0.169320 0.834313 0.040422 0.046417 
3 0.725781 0.244792 0.342187 0.489583 
3 0.725781 0.244792 0.342187 0.489583 
