3 0.241492 0.431375 0.030578 0.006292 
3 0.273836 0.334344 0.033359 0.012396 
3 0.253031 0.304167 0.030375 0.003917 
3 0.708664 0.321417 0.016891 0.039417 
3 0.713172 0.414052 0.009031 0.043479 
3 0.232734 0.295104 0.008531 0.032875 
3 0.725281 0.413740 0.008250 0.040063 
3 0.272367 0.413937 0.029422 0.038667 
3 0.661664 0.319177 0.010578 0.037604 
3 0.270477 0.353271 0.037266 0.014208 
3 0.254430 0.293010 0.027328 0.006229 
3 0.698437 0.413979 0.013187 0.038417 
4 0.477555 0.563010 0.206141 0.215104 
3 0.656719 0.412083 0.029500 0.044958 
3 0.434375 0.252083 0.690625 0.504167 
3 0.434375 0.252083 0.690625 0.504167 
