4 0.957313 0.492978 0.085375 0.150957 
3 0.364453 0.642701 0.006531 0.054846 
3 0.366156 0.525309 0.096156 0.111605 
3 0.386211 0.635849 0.038547 0.061944 
3 0.351141 0.643549 0.020750 0.053889 
3 0.302320 0.657330 0.055484 0.059969 
3 0.328820 0.886975 0.056078 0.083333 
3 0.746383 0.232099 0.004234 0.044444 
3 0.336609 0.654491 0.019094 0.072747 
3 0.738344 0.232546 0.010375 0.048426 
3 0.758797 0.230679 0.009281 0.048333 
3 0.265391 0.686373 0.026750 0.009599 
3 0.751633 0.232207 0.005922 0.047747 
