0 0.513203 0.451677 0.453375 0.719104 
3 0.140625 0.442604 0.093937 0.189083 
3 0.049891 0.185802 0.016469 0.167146 
3 0.092492 0.697313 0.184984 0.224208 
3 0.093680 0.168073 0.186672 0.202146 
3 0.316852 0.231083 0.138203 0.193250 
3 0.696258 0.242208 0.133703 0.183458 
3 0.875563 0.254677 0.133156 0.208979 
3 0.856180 0.547938 0.141578 0.224708 
3 0.966008 0.256333 0.067984 0.206750 
3 0.955047 0.540875 0.089906 0.195333 
3 0.109859 0.051531 0.021281 0.062604 
3 0.030781 0.450771 0.061562 0.171833 
3 0.070469 0.451552 0.025406 0.164438 
3 0.499219 0.420833 0.998437 0.837500 
3 0.499219 0.420833 0.998437 0.837500 
