7 0.588219 0.726134 0.030719 0.040297 
7 0.363727 0.705372 0.021922 0.038178 
7 0.210023 0.729331 0.023016 0.060000 
7 0.068953 0.708234 0.026406 0.047770 
7 0.087477 0.670725 0.020516 0.035056 
7 0.261734 0.686059 0.010406 0.037695 
7 0.285648 0.720613 0.030109 0.059071 
7 0.239469 0.727584 0.015656 0.053829 
7 0.163500 0.689368 0.016281 0.062082 
7 0.117453 0.668848 0.011844 0.026022 
7 0.132242 0.670279 0.011047 0.021227 
7 0.245430 0.688773 0.019234 0.036729 
7 0.961016 0.719591 0.015906 0.036208 
7 0.490625 0.695167 0.978125 0.141264 
7 0.490625 0.695167 0.978125 0.141264 
