0 0.418117 0.520445 0.222891 0.452927 
0 0.280875 0.681077 0.303125 0.637845 
0 0.549234 0.426803 0.193844 0.362600 
0 0.571125 0.190117 0.040250 0.065433 
0 0.441344 0.217436 0.046062 0.114871 
0 0.427813 0.292237 0.111594 0.247330 
1 0.751617 0.841546 0.175016 0.062763 
3 0.771500 0.767927 0.114625 0.088454 
0 0.485523 0.247400 0.052859 0.178033 
0 0.519922 0.269204 0.083469 0.169227 
0 0.159312 0.332564 0.055937 0.144567 
0 0.069375 0.319133 0.046344 0.091944 
0 0.329000 0.355199 0.075406 0.335410 
0 0.133102 0.746862 0.266203 0.506276 
0 0.294406 0.280386 0.049031 0.257775 
0 0.317188 0.268150 0.593750 0.166276 
