0 0.487078 0.524344 0.391000 0.928104 
3 0.073563 0.367750 0.016438 0.060958 
3 0.125773 0.044958 0.008984 0.087333 
3 0.089711 0.367792 0.013734 0.067167 
3 0.092570 0.370729 0.007797 0.064875 
3 0.115484 0.372823 0.011500 0.073229 
3 0.077398 0.371104 0.012422 0.055375 
3 0.075133 0.227250 0.009953 0.053417 
3 0.102805 0.221187 0.007266 0.069042 
3 0.103242 0.372260 0.017359 0.076437 
3 0.123117 0.142510 0.007641 0.072646 
3 0.099922 0.059802 0.011469 0.069937 
3 0.058578 0.226448 0.009594 0.059271 
3 0.087828 0.222135 0.012656 0.062021 
5 0.447695 0.723396 0.111078 0.058792 
3 0.099219 0.248958 0.195312 0.497917 
3 0.099219 0.248958 0.195312 0.497917 
