3 0.239414 0.170687 0.051828 0.033000 
3 0.219508 0.221385 0.027047 0.057313 
3 0.245680 0.220771 0.021328 0.044000 
3 0.271484 0.222583 0.026094 0.039042 
3 0.228758 0.352875 0.070453 0.025292 
3 0.232852 0.383917 0.076266 0.018542 
3 0.234422 0.374000 0.069312 0.024042 
3 0.238336 0.389781 0.073172 0.022521 
3 0.231922 0.366198 0.066469 0.024854 
3 0.208898 0.707750 0.041516 0.025125 
3 0.264039 0.286469 0.044516 0.057313 
3 0.259000 0.295979 0.014219 0.048167 
3 0.244023 0.297031 0.015297 0.054021 
3 0.158594 0.532292 0.307812 0.739583 
3 0.158594 0.532292 0.307812 0.739583 
