4 0.364227 0.621913 0.094234 0.155047 
3 0.592070 0.578650 0.007984 0.050728 
3 0.597383 0.497418 0.005234 0.051690 
3 0.596148 0.666373 0.011703 0.043498 
3 0.616117 0.785939 0.012547 0.075399 
3 0.628492 0.784777 0.010328 0.069507 
3 0.726414 0.675411 0.011984 0.086502 
3 0.911008 0.857477 0.016984 0.070962 
3 0.896563 0.740469 0.056594 0.019765 
3 0.911758 0.599178 0.015922 0.072958 
3 0.587430 0.498674 0.003891 0.048380 
3 0.603492 0.497758 0.009547 0.051948 
3 0.615727 0.574871 0.024422 0.017864 
3 0.614867 0.680704 0.032266 0.071033 
3 0.757812 0.605634 0.481250 0.596244 
3 0.757812 0.605634 0.481250 0.596244 
