0 0.526414 0.416671 0.423234 0.768014 
0 0.299055 0.606671 0.418047 0.723201 
5 0.664844 0.717231 0.053094 0.042593 
3 0.936281 0.396682 0.023875 0.150327 
3 0.954570 0.029019 0.011234 0.058037 
3 0.896711 0.383002 0.037109 0.178762 
3 0.940820 0.409159 0.023828 0.140140 
3 0.959508 0.404334 0.015453 0.139883 
3 0.905156 0.030047 0.015719 0.057757 
3 0.930984 0.392582 0.030062 0.161565 
5 0.333516 0.520140 0.046437 0.186822 
5 0.386961 0.547313 0.042734 0.103879 
3 0.914797 0.390082 0.027437 0.165444 
5 0.971602 0.940771 0.056797 0.075327 
5 0.704148 0.742734 0.042422 0.032757 
3 0.909336 0.197278 0.027172 0.121893 
3 0.952570 0.183914 0.021078 0.138575 
3 0.971734 0.187313 0.016813 0.134766 
3 0.912680 0.380736 0.039516 0.183949 
3 0.939805 0.183388 0.024078 0.134346 
3 0.931250 0.242991 0.134375 0.485981 
3 0.931250 0.242991 0.134375 0.485981 
3 0.931250 0.242991 0.134375 0.485981 
