0 0.508992 0.652813 0.667422 0.671917 
0 0.918859 0.739708 0.162281 0.520583 
0 0.322148 0.411656 0.099078 0.349188 
5 0.824453 0.471771 0.052156 0.049083 
0 0.610359 0.736760 0.272250 0.494146 
8 0.866531 0.530677 0.127344 0.281896 
3 0.041102 0.908198 0.080328 0.036062 
3 0.144023 0.948948 0.034984 0.024979 
3 0.042992 0.950458 0.085984 0.018958 
3 0.040852 0.960177 0.079922 0.017479 
3 0.048164 0.988104 0.060234 0.019250 
3 0.043758 0.968219 0.087516 0.027813 
3 0.043289 0.931906 0.086578 0.021521 
3 0.108945 0.954521 0.059266 0.013750 
3 0.189297 0.972083 0.047813 0.014208 
