0 0.440219 0.505865 0.096281 0.185521 
0 0.516922 0.466260 0.074687 0.129729 
0 0.241852 0.476427 0.115172 0.194646 
3 0.048930 0.695656 0.097859 0.176063 
0 0.128375 0.459458 0.155406 0.378375 
0 0.064406 0.574375 0.128812 0.220958 
0 0.632797 0.701052 0.256719 0.555021 
0 0.772289 0.592354 0.114109 0.325042 
0 0.844680 0.584573 0.091484 0.295938 
0 0.602055 0.495490 0.075578 0.168313 
0 0.330867 0.445031 0.079391 0.105854 
0 0.031789 0.439260 0.063141 0.121563 
0 0.016852 0.362052 0.033609 0.050979 
