4 0.969062 0.402073 0.061562 0.092937 
0 0.518414 0.581375 0.151734 0.341833 
0 0.618547 0.616177 0.164625 0.385813 
0 0.624437 0.761802 0.257875 0.449437 
0 0.138203 0.708990 0.276406 0.415729 
0 0.511008 0.345229 0.032953 0.067708 
0 0.626234 0.347063 0.025969 0.057708 
0 0.501875 0.355094 0.024656 0.074437 
0 0.459953 0.337083 0.033219 0.057250 
0 0.426508 0.360792 0.048391 0.085625 
0 0.344633 0.361583 0.031922 0.075417 
0 0.387289 0.344969 0.022672 0.042562 
0 0.268820 0.483708 0.133141 0.296625 
3 0.159648 0.381177 0.004922 0.032771 
3 0.183930 0.420573 0.013891 0.032604 
3 0.779914 0.366510 0.010516 0.023646 
3 0.835859 0.375260 0.061531 0.042396 
3 0.836391 0.420594 0.012531 0.030021 
3 0.895242 0.386062 0.006516 0.029792 
3 0.886922 0.436969 0.004031 0.027813 
3 0.599266 0.346677 0.002656 0.017396 
3 0.570313 0.344760 0.007687 0.022146 
3 0.833977 0.447708 0.011516 0.021708 
3 0.868305 0.382792 0.005391 0.027500 
3 0.575773 0.378823 0.001766 0.017562 
0 0.483758 0.373281 0.046516 0.121771 
3 0.580328 0.343677 0.005625 0.019604 
0 0.360938 0.655208 0.721875 0.685417 
3 0.510156 0.387500 0.754687 0.125000 
