7 0.234617 0.606969 0.035047 0.086602 
7 0.373211 0.599363 0.030953 0.063745 
7 0.409656 0.567529 0.032844 0.074672 
7 0.425570 0.547297 0.020703 0.052046 
7 0.449016 0.542278 0.023344 0.067259 
7 0.900320 0.540463 0.041828 0.087645 
7 0.671008 0.557413 0.020703 0.056216 
7 0.740898 0.565039 0.033766 0.087992 
7 0.470297 0.589884 0.070781 0.072278 
7 0.130742 0.589266 0.035141 0.063861 
7 0.262273 0.594363 0.039109 0.060463 
7 0.931664 0.544903 0.037391 0.087413 
7 0.903086 0.521255 0.031641 0.076486 
7 0.818422 0.561506 0.031813 0.054826 
7 0.670930 0.517568 0.024297 0.040463 
7 0.570664 0.546757 0.036703 0.061622 
7 0.693250 0.553205 0.023500 0.060695 
7 0.499219 0.550193 0.998437 0.189189 
7 0.499219 0.550193 0.998437 0.189189 
