6 0.578852 0.658082 0.367078 0.589290 
0 0.803984 0.503509 0.374500 0.957301 
0 0.304312 0.527202 0.399094 0.913835 
0 0.101141 0.531080 0.199813 0.914602 
3 0.237664 0.245554 0.018203 0.121790 
3 0.202695 0.256335 0.044484 0.094375 
3 0.318305 0.211080 0.010922 0.036932 
3 0.256984 0.242855 0.015875 0.116676 
3 0.215570 0.391534 0.014203 0.078750 
3 0.305492 0.203026 0.012609 0.075426 
3 0.201156 0.408111 0.016406 0.105938 
3 0.327172 0.210426 0.009938 0.036705 
3 0.292828 0.210241 0.013500 0.087642 
