4 0.721730 0.486577 0.166500 0.210751 
3 0.546630 0.558003 0.015460 0.067117 
3 0.525920 0.549760 0.018920 0.080300 
3 0.561190 0.548498 0.018020 0.065045 
3 0.567630 0.555946 0.011940 0.060480 
3 0.511110 0.551772 0.019260 0.073874 
3 0.473330 0.543078 0.005780 0.034625 
3 0.532650 0.553664 0.014860 0.070511 
3 0.500440 0.553198 0.018760 0.073423 
3 0.466920 0.543033 0.009880 0.033934 
3 0.495260 0.611201 0.025600 0.008709 
3 0.489870 0.554535 0.014420 0.071712 
3 0.540990 0.555736 0.014580 0.067267 
3 0.495200 0.651877 0.030800 0.050420 
3 0.341000 0.555556 0.198000 0.204204 
