1 0.740570 0.728820 0.085484 0.098983 
1 0.784375 0.549177 0.017813 0.060736 
1 0.577562 0.641602 0.044719 0.047749 
0 0.258656 0.436364 0.395562 0.598658 
0 0.461039 0.532554 0.121703 0.256580 
0 0.514320 0.480433 0.089672 0.335498 
0 0.655453 0.446299 0.070813 0.203939 
0 0.722055 0.478063 0.084922 0.279069 
0 0.865992 0.438550 0.268016 0.402727 
0 0.611008 0.492370 0.127859 0.329589 
0 0.136375 0.357435 0.034156 0.084351 
0 0.053930 0.592359 0.036203 0.141429 
0 0.643633 0.602359 0.056391 0.108788 
0 0.016234 0.527132 0.030844 0.267035 
