4 0.861734 0.681156 0.240406 0.252812 
5 0.773695 0.870531 0.023703 0.035854 
5 0.756664 0.856594 0.032578 0.046396 
3 0.682102 0.843469 0.114391 0.082021 
3 0.611461 0.168281 0.008016 0.072646 
3 0.590695 0.053073 0.117547 0.102313 
3 0.626969 0.164010 0.012438 0.076354 
3 0.184609 0.238948 0.011969 0.037188 
3 0.637859 0.160552 0.012656 0.075063 
3 0.748031 0.874219 0.087094 0.084646 
3 0.590836 0.311656 0.021953 0.073188 
3 0.628633 0.309083 0.006984 0.076917 
3 0.548711 0.179083 0.017766 0.074750 
3 0.566477 0.174937 0.014391 0.080708 
3 0.577367 0.174281 0.008516 0.077312 
3 0.622492 0.163729 0.016297 0.079708 
3 0.326563 0.361458 0.650000 0.468750 
3 0.326563 0.361458 0.650000 0.468750 
