0 0.906087 0.146258 0.023121 0.099020 
0 0.975359 0.142263 0.034248 0.108905 
3 0.060408 0.249158 0.057712 0.114428 
3 0.085147 0.240556 0.057712 0.097810 
3 0.115850 0.587917 0.059804 0.158709 
3 0.132026 0.223235 0.028660 0.059837 
3 0.133709 0.462925 0.038203 0.116863 
3 0.179951 0.474714 0.056176 0.170801 
3 0.100433 0.456985 0.033121 0.105180 
3 0.074975 0.447141 0.033873 0.090163 
3 0.092688 0.591871 0.070474 0.167859 
4 0.365343 0.444918 0.276373 0.175392 
3 0.278007 0.681765 0.276667 0.113627 
3 0.022296 0.254412 0.044592 0.130915 
