0 0.240797 0.495494 0.481594 0.979741 
0 0.802844 0.459988 0.393969 0.916871 
3 0.577820 0.154965 0.056703 0.248141 
3 0.449984 0.149882 0.078875 0.298729 
3 0.603570 0.144812 0.052172 0.270376 
3 0.517070 0.152812 0.258172 0.305624 
3 0.735688 0.558047 0.029844 0.092141 
3 0.670047 0.146400 0.056844 0.274776 
3 0.698820 0.130412 0.035078 0.257247 
3 0.684453 0.134024 0.044125 0.258118 
3 0.727828 0.129965 0.064187 0.253576 
3 0.386781 0.180918 0.030531 0.109553 
3 0.762578 0.566741 0.008438 0.080494 
3 0.717719 0.308706 0.067344 0.074212 
3 0.713648 0.560541 0.024672 0.086729 
3 0.764062 0.563529 0.043750 0.101176 
