1 0.488875 0.534542 0.082531 0.046667 
1 0.252648 0.600542 0.055234 0.027667 
1 0.494984 0.748510 0.032906 0.068396 
1 0.544242 0.734292 0.018953 0.084958 
1 0.225602 0.755344 0.118328 0.034771 
0 0.538008 0.256760 0.211141 0.425688 
0 0.212188 0.482781 0.211500 0.300729 
0 0.523914 0.451010 0.217141 0.239646 
0 0.595789 0.170781 0.058984 0.157313 
0 0.863250 0.214458 0.197344 0.383458 
6 0.039102 0.057823 0.009766 0.029354 
1 0.743898 0.346594 0.066734 0.020854 
1 0.576469 0.730083 0.035125 0.069292 
0 0.825172 0.565500 0.349656 0.295292 
0 0.795828 0.353573 0.196188 0.253188 
1 0.053297 0.911437 0.106156 0.018875 
