4 0.883310 0.397282 0.108860 0.137207 
3 0.542620 0.445676 0.027320 0.046486 
3 0.560460 0.448228 0.015920 0.042823 
3 0.567600 0.445811 0.013240 0.046396 
3 0.439650 0.448483 0.018420 0.049279 
3 0.507460 0.428694 0.047680 0.007958 
3 0.726450 0.546832 0.030340 0.025135 
3 0.250680 0.394279 0.031840 0.010180 
3 0.474070 0.444700 0.015740 0.051742 
3 0.767090 0.552237 0.047140 0.019550 
3 0.451810 0.447447 0.016380 0.056697 
3 0.723430 0.512267 0.020340 0.015526 
3 0.762150 0.518874 0.042060 0.007057 
3 0.464310 0.449940 0.015100 0.048228 
3 0.504000 0.457958 0.560000 0.219219 
3 0.504000 0.457958 0.560000 0.219219 
