0 0.708086 0.806741 0.198484 0.364024 
0 0.540039 0.644647 0.054359 0.125529 
0 0.623797 0.658329 0.106344 0.177129 
0 0.508516 0.730871 0.116656 0.216188 
0 0.402023 0.770106 0.101328 0.349200 
0 0.256375 0.747153 0.099437 0.282353 
0 0.215961 0.645988 0.074453 0.303553 
0 0.628984 0.540529 0.064219 0.130941 
0 0.034109 0.704824 0.067844 0.368424 
0 0.171672 0.593353 0.066781 0.167929 
0 0.875219 0.680894 0.159688 0.224706 
1 0.950984 0.769071 0.026125 0.015271 
0 0.289469 0.578271 0.066094 0.155929 
0 0.493008 0.554494 0.036016 0.142776 
0 0.472656 0.485882 0.801562 0.727059 
