3 0.396891 0.670787 0.130375 0.101106 
3 0.321703 0.661957 0.105781 0.065532 
3 0.352047 0.220543 0.012156 0.063298 
3 0.339781 0.327543 0.012562 0.069894 
3 0.344547 0.226564 0.010063 0.061511 
3 0.287148 0.266436 0.033016 0.051681 
3 0.367055 0.311915 0.024484 0.076511 
3 0.349734 0.281404 0.043781 0.039149 
3 0.326133 0.241426 0.018422 0.066723 
3 0.384641 0.206585 0.018563 0.042872 
3 0.353031 0.321894 0.011875 0.070043 
0 0.269516 0.445809 0.202594 0.290638 
3 0.330398 0.340117 0.011516 0.057553 
3 0.314844 0.261702 0.120313 0.238298 
3 0.314844 0.261702 0.120313 0.238298 
