3 0.516227 0.599000 0.045672 0.026833 
3 0.453711 0.222510 0.031578 0.042521 
3 0.493273 0.222177 0.015141 0.040979 
3 0.506781 0.219021 0.013562 0.041458 
3 0.487531 0.284573 0.011125 0.041937 
3 0.467766 0.275719 0.008313 0.046396 
3 0.439906 0.329333 0.004375 0.029000 
3 0.447180 0.329031 0.004297 0.029771 
3 0.521898 0.601635 0.053828 0.030187 
3 0.580141 0.606458 0.069250 0.037417 
3 0.463062 0.275146 0.007406 0.043042 
3 0.497422 0.325937 0.040000 0.027917 
3 0.313281 0.443750 0.404687 0.500000 
3 0.313281 0.443750 0.404687 0.500000 
