7 0.196148 0.604333 0.052484 0.066000 
7 0.134875 0.594250 0.044562 0.058833 
7 0.092141 0.611125 0.053750 0.070083 
7 0.542734 0.585347 0.047531 0.080028 
7 0.239453 0.560875 0.016000 0.033972 
7 0.690156 0.574167 0.016031 0.041167 
7 0.722062 0.547625 0.027844 0.031694 
7 0.252219 0.617208 0.035094 0.077417 
0 0.770094 0.530694 0.023375 0.090278 
7 0.280211 0.611861 0.048266 0.076833 
7 0.374453 0.587806 0.034250 0.053889 
7 0.567555 0.619875 0.052266 0.101306 
7 0.392922 0.561417 0.022875 0.036389 
7 0.118594 0.558944 0.014531 0.031167 
7 0.106281 0.580917 0.020594 0.041722 
7 0.460156 0.590278 0.917188 0.158333 
7 0.460156 0.590278 0.917188 0.158333 
