0 0.719289 0.559271 0.284484 0.469833 
0 0.426117 0.380990 0.144453 0.250396 
0 0.345711 0.766646 0.117672 0.349250 
5 0.372945 0.523698 0.045297 0.034687 
5 0.393937 0.583917 0.036437 0.015667 
3 0.857500 0.266990 0.019469 0.055563 
3 0.764500 0.243552 0.018031 0.048646 
3 0.860211 0.185865 0.014828 0.080229 
0 0.114930 0.757990 0.229859 0.352063 
3 0.841414 0.269656 0.012891 0.044562 
3 0.835656 0.267208 0.015844 0.044792 
3 0.839453 0.148844 0.036844 0.022229 
3 0.872063 0.097062 0.016125 0.080208 
3 0.780594 0.249271 0.026344 0.049583 
3 0.795922 0.092635 0.021250 0.070104 
3 0.837344 0.191042 0.036062 0.065833 
3 0.791586 0.179469 0.021672 0.068521 
5 0.143687 0.546979 0.026906 0.024000 
3 0.798664 0.019802 0.014672 0.038854 
5 0.385836 0.531104 0.031703 0.031208 
5 0.403359 0.534125 0.020219 0.034458 
