0 0.241187 0.409262 0.126812 0.485410 
0 0.786633 0.589555 0.157891 0.562201 
0 0.422781 0.327494 0.046812 0.173255 
0 0.348609 0.368033 0.042562 0.144496 
0 0.738484 0.284813 0.079812 0.251780 
0 0.125937 0.523595 0.251875 0.952810 
0 0.802422 0.283642 0.051094 0.198197 
1 0.283117 0.754813 0.094734 0.030187 
0 0.889562 0.500749 0.220875 0.998501 
0 0.585258 0.280047 0.079328 0.095269 
1 0.528180 0.869063 0.034984 0.060000 
0 0.685234 0.407869 0.125969 0.480703 
0 0.304187 0.408384 0.075719 0.473396 
0 0.611344 0.352845 0.048250 0.105644 
1 0.225875 0.952014 0.119219 0.036159 
