0 0.489875 0.289894 0.121156 0.328099 
0 0.799828 0.536596 0.400344 0.926808 
0 0.598164 0.629507 0.200891 0.740986 
0 0.364156 0.549319 0.441750 0.869953 
1 0.241555 0.208486 0.013328 0.139648 
1 0.228016 0.202371 0.020906 0.135869 
1 0.048203 0.226831 0.027469 0.177934 
0 0.890703 0.267981 0.211063 0.424554 
1 0.195508 0.220070 0.023328 0.174131 
1 0.132297 0.400376 0.027062 0.031549 
1 0.061875 0.201209 0.020438 0.140117 
1 0.077141 0.197101 0.013437 0.127958 
1 0.264406 0.203545 0.018031 0.142911 
