3 0.453414 0.391604 0.139359 0.148125 
3 0.559289 0.645656 0.013734 0.078396 
3 0.552102 0.419427 0.071484 0.090813 
3 0.578781 0.420323 0.043000 0.065521 
3 0.581648 0.653156 0.021391 0.090104 
3 0.618313 0.653875 0.012844 0.090375 
3 0.600414 0.524458 0.005547 0.047500 
3 0.631508 0.547240 0.012672 0.094563 
3 0.528281 0.541188 0.017188 0.088083 
3 0.603328 0.426219 0.085594 0.058562 
3 0.487289 0.547896 0.008422 0.097333 
3 0.515187 0.663323 0.012906 0.106813 
3 0.572898 0.650031 0.014859 0.084479 
3 0.546094 0.531250 0.298438 0.366667 
