3 0.508672 0.402625 0.008937 0.058292 
3 0.458398 0.393250 0.011141 0.062958 
3 0.523430 0.470729 0.006672 0.054708 
3 0.483258 0.399896 0.009422 0.057333 
3 0.531742 0.335583 0.005047 0.056167 
3 0.461805 0.331083 0.013484 0.056167 
3 0.348977 0.546073 0.016734 0.055271 
5 0.510641 0.649312 0.024875 0.017917 
3 0.353773 0.478854 0.014703 0.057333 
3 0.383828 0.416240 0.004844 0.037062 
3 0.507078 0.463677 0.021156 0.061104 
3 0.496172 0.399365 0.012844 0.060146 
0 0.623219 0.583625 0.199937 0.329667 
3 0.329773 0.422292 0.009516 0.059333 
3 0.511305 0.338760 0.012609 0.047646 
3 0.435937 0.444792 0.278125 0.347917 
3 0.435937 0.444792 0.278125 0.347917 
3 0.435937 0.444792 0.278125 0.347917 
