4 0.963126 0.610109 0.073747 0.146063 
3 0.467588 0.610023 0.013536 0.022578 
3 0.291967 0.563523 0.008852 0.037422 
3 0.435539 0.518914 0.007752 0.021484 
3 0.547026 0.516047 0.018782 0.017750 
3 0.499098 0.517445 0.008314 0.032859 
3 0.471967 0.568281 0.094239 0.026250 
3 0.423279 0.518727 0.005574 0.023859 
3 0.385035 0.513492 0.040515 0.025984 
3 0.416405 0.508641 0.008548 0.014219 
3 0.550703 0.566813 0.008993 0.021406 
3 0.608770 0.565891 0.005129 0.018937 
3 0.341066 0.564000 0.009859 0.025656 
3 0.057693 0.668859 0.108033 0.012219 
3 0.451991 0.548438 0.459016 0.156250 
3 0.451991 0.548438 0.459016 0.156250 
