0 0.360109 0.810562 0.059281 0.120625 
0 0.294477 0.786365 0.063891 0.158104 
3 0.845016 0.222906 0.009813 0.024938 
3 0.050922 0.490906 0.005938 0.027813 
3 0.100531 0.473313 0.066750 0.048167 
3 0.115617 0.438979 0.006766 0.029167 
3 0.840234 0.189531 0.062187 0.037188 
3 0.103820 0.506375 0.065922 0.052292 
3 0.371383 0.352573 0.014203 0.031979 
3 0.373977 0.406115 0.005109 0.024271 
3 0.892211 0.472917 0.012984 0.022792 
3 0.125070 0.435760 0.013734 0.030313 
3 0.643164 0.368323 0.041016 0.032813 
3 0.859656 0.431031 0.004938 0.023396 
3 0.659164 0.191792 0.004797 0.020667 
3 0.500000 0.317708 0.996875 0.635417 
3 0.500000 0.317708 0.996875 0.635417 
