7 0.048630 0.647948 0.068140 0.055259 
7 0.137660 0.628267 0.046280 0.060677 
7 0.109690 0.649841 0.043780 0.028446 
7 0.254070 0.661554 0.099940 0.061992 
7 0.513910 0.596335 0.058900 0.036414 
7 0.645630 0.481892 0.024980 0.022829 
7 0.623950 0.548745 0.036580 0.040120 
7 0.738670 0.529024 0.046500 0.043865 
7 0.577080 0.548088 0.047040 0.042789 
7 0.941590 0.573625 0.073700 0.052590 
7 0.065580 0.457430 0.037360 0.025139 
7 0.174030 0.659761 0.022620 0.027012 
7 0.583490 0.627430 0.070180 0.062669 
7 0.625000 0.515936 0.722000 0.362550 
7 0.625000 0.515936 0.722000 0.362550 
