5 0.068665 0.329310 0.081238 0.268966
5 0.187621 0.343103 0.050290 0.241379
5 0.308511 0.339655 0.069632 0.255172
5 0.434236 0.326724 0.059961 0.253448
5 0.565280 0.325000 0.072534 0.294828
5 0.433752 0.681897 0.058994 0.253448
5 0.308994 0.661207 0.101547 0.291379
5 0.184236 0.703448 0.055126 0.231034
5 0.062863 0.662069 0.054159 0.227586
5 0.565280 0.683621 0.074468 0.267241
5 0.686654 0.683621 0.069632 0.263793
5 0.689072 0.370690 0.051257 0.200000
5 0.808994 0.351724 0.060928 0.217241
5 0.937137 0.349138 0.044487 0.218966
5 0.936170 0.688793 0.052224 0.198276
5 0.810445 0.653448 0.073501 0.286207
